======================================
Ranking by: current_elo
Generated at: 2026-01-09 02:19:26
Total players: 2080
======================================

Rank  	Value       	Player Name              	Rounds
------------------------------------------------------------
1     	2828.0      	ugly2333                 	3760
2     	2771.0      	CHAGA07                  	30527
3     	2754.0      	有限鲤鱼机          	6049
4     	2745.0      	CHAGA02                  	30132
5     	2682.0      	bdbw99                   	1584
6     	2678.0      	门清一摸五          	5025
7     	2672.0      	laitedao                 	6119
8     	2671.0      	萌新99                 	2945
9     	2648.0      	关关雎鸠2024         	2440
10    	2632.0      	东西喵                	2303
11    	2631.0      	alaya23                  	3968
12    	2625.0      	Mikoto                   	1655
13    	2613.0      	lusika                   	2144
14    	2606.0      	梦幻情怀             	705
15    	2599.0      	真随机                	2675
16    	2599.0      	liuachun                 	528
17    	2598.0      	随机性2025            	336
18    	2592.0      	椎名真白             	631
19    	2591.0      	Encyclopedia             	5327
20    	2587.0      	茅老道                	5326
21    	2584.0      	黑一色                	1732
22    	2581.0      	芋蔗                   	187
23    	2571.0      	希岸子                	4102
24    	2563.0      	绚彩蓝                	4580
25    	2561.0      	吴下阿濛             	784
26    	2561.0      	Gompyn                   	728
27    	2559.0      	立花明明子          	5856
28    	2555.0      	龙骧                   	16
29    	2549.0      	玖柒、97              	1568
30    	2546.0      	国标菜鸡             	2016
31    	2546.0      	SSSFFF                   	2672
32    	2543.0      	专打Jencese            	1264
33    	2538.0      	婆罗摩笈多          	1568
34    	2535.0      	襄下樊人             	4763
35    	2535.0      	看雪飘过             	5021
36    	2531.0      	弗兰基                	1216
37    	2530.0      	东方雁                	2021
38    	2529.0      	CHAGA06                  	1140
39    	2528.0      	菜鸟坟墓             	6653
40    	2527.0      	猫头鹰                	5758
41    	2523.0      	空白                   	1568
42    	2518.0      	CHAGA03                  	30356
43    	2517.0      	轻轻的飘             	1824
44    	2515.0      	酱油蛙                	3687
45    	2513.0      	kiki                     	944
46    	2511.0      	典狱长                	320
47    	2509.0      	北风萧霄             	6933
48    	2506.0      	王洋                   	2845
49    	2505.0      	神人                   	1203
50    	2504.0      	AvaMax                   	336
51    	2503.0      	CHAGA01                  	30671
52    	2502.0      	报复社会             	448
53    	2502.0      	Zazaka                   	3151
54    	2500.0      	晴天                   	2896
55    	2500.0      	Jencese                  	7413
56    	2495.0      	小笨鸟                	6224
57    	2494.0      	叮叮                   	1513
58    	2493.0      	小龙女                	6595
59    	2493.0      	Buffon                   	4260
60    	2492.0      	pluto                    	1856
61    	2491.0      	理论力学             	1947
62    	2490.0      	萌新大白獭          	3475
63    	2486.0      	仓田真白             	1872
64    	2485.0      	檐下风铃             	352
65    	2482.0      	麻哥                   	2528
66    	2481.0      	羽未                   	622
67    	2479.0      	桂雏菊                	288
68    	2475.0      	错和紫乌龟          	432
69    	2475.0      	猫猫今天吃啥       	3402
70    	2474.0      	嗯好可以行          	2749
71    	2473.0      	Magallan                 	288
72    	2472.0      	小玖                   	7292
73    	2471.0      	业6forever              	7022
74    	2469.0      	薄荷犬                	4000
75    	2467.0      	药渣                   	688
76    	2466.0      	狗                      	608
77    	2464.0      	昏睡猫投降喵       	624
78    	2464.0      	方片杰克             	356
79    	2464.0      	Jux                      	7476
80    	2460.0      	易北北                	4683
81    	2459.0      	冰雪看看             	3843
82    	2459.0      	CHAGA04                  	30730
83    	2457.0      	自摸七对             	1636
84    	2457.0      	Natsumi                  	16
85    	2454.0      	神里绫人             	464
86    	2452.0      	sdmt                     	1352
87    	2452.0      	Serendipity              	1184
88    	2451.0      	望月穗波             	160
89    	2448.0      	尾翼                   	2571
90    	2448.0      	geruome                  	3287
91    	2446.0      	林嘿嘿2号            	1201
92    	2445.0      	Koucha                   	608
93    	2444.0      	萌新100                	672
94    	2444.0      	YOUGA                    	1328
95    	2443.0      	格兰                   	4124
96    	2443.0      	北风萧霄2            	512
97    	2442.0      	星官之夏             	560
98    	2442.0      	国麻萧寒             	10380
99    	2442.0      	国标新手求教       	864
100   	2442.0      	penguin                  	528
101   	2441.0      	未济                   	3712
102   	2440.0      	一色儿                	224
103   	2440.0      	Bryce                    	576
104   	2438.0      	霹雳911                	3448
105   	2437.0      	正确每一打          	2012
106   	2436.0      	Hongstone                	704
107   	2434.0      	莫莫柴                	304
108   	2433.0      	随便玩玩儿          	1328
109   	2433.0      	美竹兰                	704
110   	2431.0      	Nekkoya                  	912
111   	2430.0      	相川まりえ          	1583
112   	2430.0      	才久                   	64
113   	2430.0      	AGAHC                    	1296
114   	2427.0      	灯波月华             	3883
115   	2426.0      	虹村雪                	1700
116   	2426.0      	立又                   	640
117   	2426.0      	不知苦                	1154
118   	2424.0      	Chadvent                 	384
119   	2423.0      	路辺三條             	32
120   	2421.0      	飞刀                   	1902
121   	2421.0      	祥子大叔             	496
122   	2420.0      	戮默                   	64
123   	2419.0      	凯旋之愿             	1096
124   	2418.0      	青鳞                   	240
125   	2417.0      	大仙人                	2684
126   	2416.0      	诈胡战士             	96
127   	2416.0      	xiong                    	3109
128   	2415.0      	Inf                      	2336
129   	2414.0      	青緺                   	4942
130   	2414.0      	灬                      	3248
131   	2414.0      	NotANumber               	272
132   	2413.0      	理查德                	2192
133   	2413.0      	玖儿                   	112
134   	2412.0      	壹玖陆and417          	73
135   	2412.0      	低级泰坦             	3144
136   	2412.0      	二阶堂真红          	464
137   	2411.0      	木子十甫寸          	16
138   	2411.0      	kima                     	4048
139   	2410.0      	喵爹真不是咪       	11889
140   	2410.0      	CHAGA05                  	9
141   	2409.0      	青一色                	48
142   	2409.0      	saltydog                 	1200
143   	2409.0      	otssmyha                 	128
144   	2409.0      	FrAtk                    	64
145   	2408.0      	KaneSHEN                 	1677
146   	2407.0      	鸡肉拉伤             	157
147   	2407.0      	求求人                	144
148   	2407.0      	明绣                   	208
149   	2407.0      	工藤新一             	288
150   	2406.0      	KomeijiMarin             	208
151   	2405.0      	冰雪分类             	2896
152   	2404.0      	琳雨空                	944
153   	2404.0      	工口                   	316
154   	2403.0      	追影                   	1548
155   	2403.0      	丛雨                   	128
156   	2402.0      	青雀                   	624
157   	2402.0      	路边一条             	64
158   	2402.0      	油泵                   	480
159   	2401.0      	菜包子                	48
160   	2400.0      	迫落                   	32
161   	2399.0      	狼                      	48
162   	2399.0      	Lemontruth               	1131
163   	2399.0      	Buhlava                  	333
164   	2397.0      	打九万来九万       	1590
165   	2397.0      	不在勿扰             	128
166   	2397.0      	PP大公主              	48
167   	2396.0      	演员                   	16
168   	2396.0      	捌萬                   	301
169   	2395.0      	疯帽子                	128
170   	2395.0      	折一尾纸鸢          	240
171   	2395.0      	啊我是谁             	688
172   	2394.0      	冷欺花                	16
173   	2393.0      	Innnnnfinity             	2096
174   	2392.0      	门清大师兄          	48
175   	2392.0      	四方雀者             	772
176   	2390.0      	德之邻                	952
177   	2390.0      	丛雨ちゃん          	912
178   	2389.0      	蛋黄派派             	1584
179   	2388.0      	衔蝉幽客             	288
180   	2388.0      	只打八万             	4221
181   	2387.0      	游戏                   	16
182   	2387.0      	ZJU国标分队3         	148
183   	2386.0      	破破                   	960
184   	2386.0      	瓜瓜瓜宸             	448
185   	2386.0      	搞子                   	576
186   	2386.0      	Han韩                   	16
187   	2385.0      	胡牌大师             	16
188   	2385.0      	jencese                  	32
189   	2384.0      	B站23129315             	32
190   	2383.0      	花开岁月             	295
191   	2383.0      	hyperon                  	2272
192   	2382.0      	雄关迈步             	3013
193   	2382.0      	calzhulator              	912
194   	2381.0      	水小妹                	304
195   	2381.0      	吴下阿蒙             	112
196   	2380.0      	超级妹控             	16
197   	2380.0      	赤木茂                	6541
198   	2380.0      	小学生                	160
199   	2379.0      	麻将小白             	5715
200   	2379.0      	花袭人                	944
201   	2379.0      	浮光                   	6250
202   	2379.0      	伯约2                  	1024
203   	2378.0      	柒柒                   	813
204   	2378.0      	是大侠吖             	16
205   	2377.0      	zumgze                   	576
206   	2377.0      	beyond葬送             	792
207   	2375.0      	阿楠                   	784
208   	2375.0      	KuozakiSaika             	16
209   	2375.0      	AIplayer                 	749
210   	2374.0      	喵可莉                	1296
211   	2373.0      	小孙看电视          	2112
212   	2373.0      	F8                       	144
213   	2372.0      	农园蒸粥             	1242
214   	2371.0      	维尔斯特拉斯       	1232
215   	2371.0      	星云                   	2846
216   	2371.0      	启丶沉卑             	576
217   	2369.0      	送子                   	16
218   	2369.0      	好不容易找来       	368
219   	2369.0      	大话王                	48
220   	2368.0      	超级无敌粉毛       	352
221   	2368.0      	幻雪                   	543
222   	2368.0      	叁壹                   	112
223   	2368.0      	xxxhhww                  	1997
224   	2367.0      	云                      	880
225   	2367.0      	三暗刻刻刻          	191
226   	2365.0      	沉江月                	126
227   	2365.0      	只打CHAGA              	400
228   	2365.0      	单机麻将             	16
229   	2364.0      	流浪月光             	48
230   	2363.0      	璀璨猎户座          	160
231   	2363.0      	三饼发牌姬          	312
232   	2362.0      	海之蓝                	224
233   	2361.0      	欧内的手好汉       	16
234   	2361.0      	挂机1号               	48
235   	2360.0      	八九边7               	1488
236   	2360.0      	CHAGA08                  	29573
237   	2358.0      	绫地宁宁             	208
238   	2358.0      	笨笨                   	224
239   	2358.0      	qwe305836                	1336
240   	2354.0      	老馋馋                	144
241   	2354.0      	夏日浪漫星辰       	48
242   	2354.0      	北冥雪                	16
243   	2353.0      	这牌听啥啊          	1328
244   	2353.0      	玄黄q                  	112
245   	2353.0      	河漢清淺             	192
246   	2353.0      	勘察加                	253
247   	2353.0      	五指毛桃             	80
248   	2353.0      	bonbujour                	992
249   	2352.0      	只会乱吃             	128
250   	2352.0      	xbh要修仙             	1504
251   	2351.0      	齹                      	105
252   	2351.0      	僮九                   	800
253   	2350.0      	浪漫                   	4934
254   	2350.0      	把把胡                	32
255   	2350.0      	开一不心的          	320
256   	2350.0      	五羟色胺             	288
257   	2350.0      	cos是我的神          	16
258   	2350.0      	Imple                    	736
259   	2349.0      	神里绫华             	96
260   	2348.0      	识时务者             	640
261   	2348.0      	根派                   	160
262   	2348.0      	大可乐                	976
263   	2348.0      	国标咸菜             	96
264   	2348.0      	单机北北             	224
265   	2348.0      	qixian96                 	112
266   	2348.0      	lagrange1013             	3547
267   	2347.0      	某届牌王             	256
268   	2347.0      	修改昵称             	12602
269   	2347.0      	nima                     	144
270   	2347.0      	Rain                     	64
271   	2347.0      	LZN                      	48
272   	2346.0      	哆啦a                  	824
273   	2346.0      	二d                     	848
274   	2346.0      	THRIVE                   	48
275   	2345.0      	金大爸                	2112
276   	2345.0      	豆子鸽                	592
277   	2345.0      	小林刚                	32
278   	2345.0      	INTP                     	336
279   	2345.0      	CHAGA110                 	304
280   	2344.0      	量子限域             	1720
281   	2344.0      	老千                   	16
282   	2344.0      	林嘿嘿4号            	112
283   	2344.0      	Star                     	80
284   	2344.0      	H41DA1NY4                	16
285   	2343.0      	逻辑猫                	960
286   	2343.0      	滑稽是内鬼          	336
287   	2343.0      	哈气米                	304
288   	2343.0      	千早愛音             	80
289   	2343.0      	三倍滿自動姬       	16
290   	2343.0      	Miyanaga                 	188
291   	2342.0      	xxx                      	240
292   	2341.0      	锦亚澄                	64
293   	2341.0      	huaji                    	48
294   	2340.0      	蓝十                   	1312
295   	2340.0      	漆黑似夜             	2896
296   	2340.0      	中田花奈             	16
297   	2339.0      	马戏团长             	488
298   	2339.0      	常青                   	208
299   	2339.0      	卢YYY                   	1399
300   	2339.0      	チャガゼロ          	192
301   	2339.0      	zaqcxy                   	16
302   	2339.0      	xxhhww                   	16
303   	2339.0      	mika                     	3604
304   	2337.0      	枰                      	256
305   	2337.0      	朱克斯                	254
306   	2337.0      	我爱汉堡             	48
307   	2337.0      	小张同学2            	32
308   	2337.0      	WindHunter               	1488
309   	2337.0      	Tairitsu                 	80
310   	2336.0      	黑桃A                  	128
311   	2336.0      	超级同花顺          	160
312   	2336.0      	老蒋专点13幺        	2599
313   	2336.0      	多来雀庄             	2158
314   	2335.0      	投影机                	1008
315   	2335.0      	qucheng                  	272
316   	2334.0      	sparkle                  	320
317   	2333.0      	shizuku                  	88
318   	2333.0      	LACIE                    	192
319   	2332.0      	外部号                	320
320   	2332.0      	shapaozi                 	16
321   	2332.0      	Sw279695293              	1428
322   	2332.0      	CKLm                     	160
323   	2330.0      	翎刻                   	958
324   	2330.0      	在原七海             	196
325   	2330.0      	handsomeboy              	809
326   	2330.0      	Sant                     	272
327   	2329.0      	点炮防自摸          	320
328   	2329.0      	大米                   	272
329   	2329.0      	凛樱                   	208
330   	2328.0      	Lemo                     	80
331   	2327.0      	植物人                	64
332   	2327.0      	CHAGA120                 	80
333   	2326.0      	黑心换黑心          	1408
334   	2326.0      	麦麦                   	860
335   	2326.0      	深的蓝                	1248
336   	2325.0      	🏹🪚👴             	288
337   	2325.0      	真城璃茉             	256
338   	2325.0      	渣渣                   	92
339   	2325.0      	Sin是我的神          	60
340   	2324.0      	雾雾子                	288
341   	2324.0      	热辣小妈             	336
342   	2324.0      	小天                   	144
343   	2324.0      	一个没用的          	16
344   	2324.0      	ikun鸡打王            	3792
345   	2323.0      	虎鲸                   	432
346   	2323.0      	白茉晴                	256
347   	2323.0      	琉璃宇宙             	192
348   	2323.0      	有路口                	1536
349   	2323.0      	memo                     	128
350   	2323.0      	CHAGA99                  	32
351   	2322.0      	追星逐风             	192
352   	2322.0      	NamelessGod              	32
353   	2322.0      	Krtecek                  	1401
354   	2321.0      	麓下kk                 	1104
355   	2321.0      	国标小渣渣          	5619
356   	2321.0      	lys                      	32
357   	2320.0      	小小黑                	174
358   	2319.0      	彤轩                   	736
359   	2319.0      	Minato                   	32
360   	2318.0      	小猪美美             	448
361   	2318.0      	Milton                   	32
362   	2318.0      	Jayden87                 	80
363   	2317.0      	阿德南                	783
364   	2317.0      	云栖花间             	1472
365   	2316.0      	芙宁娜                	32
366   	2316.0      	sdlyx                    	4240
367   	2316.0      	Trin                     	208
368   	2315.0      	白晴                   	96
369   	2315.0      	rurukonod                	480
370   	2315.0      	citrus                   	224
371   	2315.0      	TTT                      	32
372   	2314.0      	苹果狼、             	1200
373   	2314.0      	樱花Judy               	1516
374   	2314.0      	cidocron                 	2576
375   	2313.0      	kawaisubei               	112
376   	2312.0      	矮胖诗客ll           	544
377   	2312.0      	qima                     	176
378   	2312.0      	ormisnal                 	64
379   	2311.0      	许清扬                	2048
380   	2311.0      	萌新小精灵          	1991
381   	2311.0      	萌新大脸橘          	1885
382   	2311.0      	多元外卷人          	432
383   	2310.0      	萌新大土松          	80
384   	2310.0      	洛阳yy                 	320
385   	2310.0      	喜欢和小三元       	112
386   	2310.0      	内鬼                   	144
387   	2309.0      	浅葱狐冢             	400
388   	2309.0      	ZJU国标分队2         	16
389   	2309.0      	Frank                    	144
390   	2308.0      	圣文神武             	986
391   	2308.0      	何苏                   	144
392   	2308.0      	Freezle                  	192
393   	2307.0      	铅铱                   	64
394   	2307.0      	Melacau                  	80
395   	2306.0      	过油肉拉面          	1389
396   	2306.0      	诗羽                   	32
397   	2306.0      	丰川祥子             	345
398   	2306.0      	MINT                     	680
399   	2305.0      	電腦                   	176
400   	2305.0      	橙留香                	688
401   	2305.0      	吸烟酱                	1141
402   	2305.0      	EndlesS                  	80
403   	2303.0      	越                      	2992
404   	2303.0      	摇晃曾经             	48
405   	2303.0      	大祭酒                	768
406   	2303.0      	rzddmx1                  	272
407   	2303.0      	Weltraumhund             	48
408   	2303.0      	TiccyWu                  	32
409   	2303.0      	TATTOT                   	16
410   	2303.0      	Maintain                 	208
411   	2303.0      	GRandom                  	208
412   	2302.0      	超超可爱岁岁       	160
413   	2302.0      	月见琥珀             	2352
414   	2301.0      	井九清                	48
415   	2301.0      	CHAGA31415               	528
416   	2300.0      	叶三夕夕夕          	100
417   	2300.0      	sakura                   	96
418   	2299.0      	潇飒                   	984
419   	2299.0      	寿陵余子             	16
420   	2299.0      	圣杯碳                	128
421   	2299.0      	四月墨封             	48
422   	2299.0      	南方孤影             	1392
423   	2299.0      	Monophenol               	16
424   	2298.0      	洛兰希尔坠星       	560
425   	2298.0      	枭风雀庄             	4175
426   	2298.0      	QryanQ                   	224
427   	2298.0      	GNOREZ                   	16
428   	2297.0      	灰色天空             	2775
429   	2297.0      	摇摇奶昔             	576
430   	2296.0      	嗯好可以行2         	336
431   	2296.0      	冥雪99                 	520
432   	2296.0      	The                      	80
433   	2296.0      	CVB123                   	32
434   	2295.0      	只和平和             	144
435   	2294.0      	阿良                   	1692
436   	2294.0      	贝瑞塔                	64
437   	2294.0      	咕咕咕1               	112
438   	2294.0      	lxl0319                  	1979
439   	2294.0      	Melody                   	128
440   	2293.0      	菲洛菲洛菲          	712
441   	2293.0      	微辣就行             	720
442   	2293.0      	威震逍遥津          	1056
443   	2293.0      	Irkalla                  	112
444   	2293.0      	Albus                    	720
445   	2292.0      	顾寒9275               	32
446   	2292.0      	落青                   	160
447   	2292.0      	喵喵大笨蛋          	1296
448   	2292.0      	ccy                      	48
449   	2292.0      	Kev1n                    	48
450   	2291.0      	内部号                	32
451   	2291.0      	ofor                     	88
452   	2291.0      	ToT                      	64
453   	2290.0      	快雪时晴             	1392
454   	2290.0      	天北                   	32
455   	2290.0      	卡安雨                	15
456   	2289.0      	金八成小兔子       	16
457   	2289.0      	兮苡灬城悾          	25
458   	2289.0      	一瞥而过             	656
459   	2288.0      	琉璃                   	240
460   	2288.0      	泡哥                   	3066
461   	2288.0      	佐仓沙耶加          	64
462   	2288.0      	SunnyYip                 	544
463   	2288.0      	Candycane                	6316
464   	2287.0      	闻雀                   	272
465   	2287.0      	xianxin                  	16
466   	2287.0      	ubisoft                  	1488
467   	2287.0      	Tibochapo                	1488
468   	2287.0      	Jvruo                    	1860
469   	2287.0      	Ace                      	1616
470   	2286.0      	提纳里                	240
471   	2285.0      	风怒大汉堡          	224
472   	2285.0      	张进步                	1648
473   	2285.0      	北                      	64
474   	2285.0      	myy                      	384
475   	2285.0      	CHAGAJencese             	32
476   	2284.0      	麻衣                   	16
477   	2284.0      	破灭之魂             	48
478   	2284.0      	帽帽                   	112
479   	2284.0      	chopper                  	16
480   	2283.0      	哇哇哇                	16
481   	2283.0      	叶凡                   	16
482   	2283.0      	Norn                     	32
483   	2282.0      	矢来美羽             	576
484   	2282.0      	姬丝秀忒             	112
485   	2282.0      	Quandaiwu42              	128
486   	2281.0      	玖月玖                	400
487   	2281.0      	傻逼克高手          	256
488   	2280.0      	linsaiya                 	64
489   	2280.0      	HyZha                    	1668
490   	2279.0      	疯狂宝贝             	16
491   	2279.0      	河提                   	112
492   	2279.0      	机器人                	16
493   	2279.0      	小柚子                	4854
494   	2279.0      	leverid                  	318
495   	2279.0      	HillLee97                	1344
496   	2278.0      	云出无心             	2812
497   	2277.0      	蹦天使                	4886
498   	2277.0      	苏小弱                	555
499   	2277.0      	泽嵘                   	16
500   	2277.0      	手下马上送和       	96
501   	2277.0      	后门概念神          	1600
502   	2276.0      	一只柠檬             	3682
503   	2275.0      	一番赏                	32
504   	2275.0      	dama王                  	81
505   	2275.0      	Kitaura                  	32
506   	2274.0      	时一时易拾忆       	160
507   	2274.0      	gris                     	912
508   	2273.0      	走无常                	528
509   	2273.0      	老王                   	287
510   	2273.0      	紫电改二             	1359
511   	2273.0      	灰毛团子             	16
512   	2273.0      	奋豆王                	16
513   	2273.0      	sss                      	720
514   	2272.0      	雨萌小小酱          	5707
515   	2272.0      	闪电                   	16
516   	2272.0      	宝宝                   	432
517   	2272.0      	听牌即立             	64
518   	2271.0      	糕手                   	64
519   	2271.0      	初见亦别离          	720
520   	2270.0      	车皇告别日麻       	1263
521   	2270.0      	泷泽和典             	296
522   	2270.0      	国标小唐             	107
523   	2269.0      	远山黛蓝             	96
524   	2269.0      	yulearning               	2161
525   	2269.0      	TedZhu                   	496
526   	2269.0      	OGGG                     	144
527   	2267.0      	软趴趴                	112
528   	2267.0      	山楂9                  	80
529   	2267.0      	一个二毫半          	32
530   	2265.0      	萌新白羽             	616
531   	2265.0      	网络连接失败       	48
532   	2265.0      	石井一马             	144
533   	2265.0      	Ghost                    	46
534   	2264.0      	黄鸡                   	224
535   	2264.0      	北北ai训练           	608
536   	2264.0      	saday                    	16
537   	2263.0      	樱小路                	944
538   	2262.0      	克己小75              	48
539   	2261.0      	欣er1                   	16
540   	2260.0      	蒙题王                	384
541   	2260.0      	左彼篝思劝颊       	224
542   	2260.0      	kjd                      	304
543   	2260.0      	Masion                   	640
544   	2259.0      	竹井久                	112
545   	2259.0      	半成                   	64
546   	2259.0      	ZJU国标分队          	100
547   	2258.0      	凑凑番                	144
548   	2258.0      	zerong                   	3184
549   	2258.0      	ForThePoints             	16
550   	2258.0      	Bob                      	4049
551   	2257.0      	左右                   	819
552   	2257.0      	不会七对             	96
553   	2257.0      	LogicGhost               	192
554   	2256.0      	猫南北                	96
555   	2256.0      	桀桀子                	608
556   	2256.0      	年少翩翩白虎       	32
557   	2256.0      	小邓                   	16
558   	2256.0      	天                      	432
559   	2256.0      	chuqing                  	36
560   	2255.0      	吕布                   	1099
561   	2255.0      	M16A1                    	672
562   	2254.0      	鳗鱼                   	144
563   	2254.0      	英格兰巫师          	144
564   	2254.0      	Cai                      	160
565   	2253.0      	菜籽的菜             	3280
566   	2253.0      	根号88                 	96
567   	2253.0      	Satori5                  	96
568   	2252.0      	黄英似蛭             	48
569   	2252.0      	栖久                   	32
570   	2252.0      	布布                   	48
571   	2252.0      	小萧潇笑             	576
572   	2252.0      	叨叨                   	48
573   	2251.0      	彪哥                   	64
574   	2251.0      	千叶流心             	96
575   	2251.0      	zsswg                    	96
576   	2250.0      	萌新11                 	320
577   	2250.0      	新手村村民          	320
578   	2250.0      	pingan                   	672
579   	2249.0      	鸟苷三磷酸          	4055
580   	2249.0      	纪清欢                	96
581   	2249.0      	海葉                   	224
582   	2249.0      	天地不照             	600
583   	2249.0      	wardell                  	48
584   	2249.0      	Parousia                 	144
585   	2248.0      	天丁                   	16
586   	2248.0      	一丶丶丨             	48
587   	2248.0      	ly3d                     	224
588   	2248.0      	abi                      	16
589   	2247.0      	平宫杏奈             	746
590   	2247.0      	孤高の撃墜王       	16
591   	2247.0      	奈芙莲                	624
592   	2247.0      	xYz                      	2540
593   	2247.0      	pisces                   	1944
594   	2246.0      	Kokutourio               	1616
595   	2246.0      	Haaaaaache               	16
596   	2245.0      	炙易狐                	4788
597   	2245.0      	吱吱sama               	64
598   	2244.0      	装饰                   	16
599   	2244.0      	彩色哥                	208
600   	2244.0      	qwqaq                    	208
601   	2244.0      	founded                  	352
602   	2244.0      	James                    	240
603   	2243.0      	破游全是bug          	192
604   	2243.0      	到底是谁             	576
605   	2243.0      	决战机器人          	96
606   	2243.0      	不会玩的萌新       	724
607   	2243.0      	cccccc                   	576
608   	2242.0      	萌新pp                 	16
609   	2241.0      	张磊                   	2542
610   	2241.0      	冰川纱夜             	32
611   	2241.0      	七夜的许愿星       	1680
612   	2241.0      	Yawncat                  	32
613   	2240.0      	码龙                   	16
614   	2240.0      	天门                   	1088
615   	2240.0      	biu                      	96
616   	2240.0      	MC宇宙RS               	132
617   	2239.0      	蒲原智美             	16
618   	2239.0      	hawaii                   	32
619   	2238.0      	苝风肃霄             	112
620   	2238.0      	YC大人                 	304
621   	2238.0      	Nemesis                  	84
622   	2237.0      	鸡神教信徒          	592
623   	2237.0      	马赛小回旋          	528
624   	2237.0      	爱の火车票          	1345
625   	2237.0      	游侠小卢             	1824
626   	2237.0      	桜坂逢里             	352
627   	2237.0      	bluff                    	884
628   	2236.0      	萧何                   	382
629   	2236.0      	杜陵路                	272
630   	2236.0      	小蝎蝎蝎子          	160
631   	2236.0      	小k云魂               	32
632   	2236.0      	一起去前行          	3335
633   	2236.0      	Be4Sunrise               	1008
634   	2235.0      	老张                   	288
635   	2235.0      	梁玉苏                	16
636   	2235.0      	博涵                   	16
637   	2235.0      	zdd                      	1192
638   	2235.0      	theone                   	32
639   	2234.0      	缥缈qwq                	608
640   	2234.0      	mousuan                  	272
641   	2233.0      	暮春                   	160
642   	2233.0      	君应有语             	345
643   	2232.0      	雫ちゃん             	400
644   	2232.0      	渝宇                   	263
645   	2232.0      	南桥s01                	240
646   	2231.0      	小老毕                	4459
647   	2231.0      	xyhsjh                   	112
648   	2231.0      	ferry                    	960
649   	2230.0      	秋季                   	14081
650   	2230.0      	涛                      	1646
651   	2230.0      	leenlover                	208
652   	2230.0      	Benson0304               	16
653   	2229.0      	调皮的猴子1         	192
654   	2229.0      	歳納京子             	248
655   	2229.0      	Anna                     	3016
656   	2228.0      	阿飞                   	320
657   	2228.0      	练习两年半          	1624
658   	2228.0      	牛黑奶白             	1136
659   	2228.0      	樱华                   	5025
660   	2228.0      	咕咕咕咕法法       	48
661   	2228.0      	xxcnoba                  	32
662   	2228.0      	Yusaki                   	1280
663   	2227.0      	塔利雅                	80
664   	2227.0      	Kazuradrop               	448
665   	2227.0      	ALF                      	16
666   	2226.0      	超硬大七星          	192
667   	2226.0      	类星体                	144
668   	2226.0      	春風送福             	144
669   	2226.0      	凉风                   	146
670   	2226.0      	Voyager1969              	224
671   	2226.0      	Reisen                   	537
672   	2225.0      	阿藥                   	16
673   	2225.0      	老馋                   	373
674   	2225.0      	秀仔                   	256
675   	2225.0      	海风                   	492
676   	2225.0      	林嘿嘿3号            	7173
677   	2225.0      	卡小雷                	736
678   	2225.0      	五河かがく          	48
679   	2224.0      	鸡打不溜             	192
680   	2223.0      	镜影                   	496
681   	2222.0      	朋也                   	32
682   	2222.0      	南法信法南          	320
683   	2221.0      	日鳴                   	32
684   	2221.0      	无忧                   	48
685   	2221.0      	big7long8                	128
686   	2220.0      	萌新大黄蜂          	384
687   	2220.0      	萌新大肥猫          	1688
688   	2220.0      	桂茹                   	352
689   	2220.0      	无语锂电池          	544
690   	2220.0      	志明                   	256
691   	2220.0      	TT55                     	688
692   	2219.0      	澜川                   	96
693   	2219.0      	抹茶要楽奈          	368
694   	2219.0      	我叫叶荣添          	174
695   	2218.0      	椢床萧寒             	64
696   	2218.0      	吃                      	288
697   	2218.0      	ghz的打手             	16
698   	2218.0      	Sablinbot                	592
699   	2218.0      	Kiwi                     	1924
700   	2217.0      	洛心颜                	16
701   	2217.0      	乌克兰                	2656
702   	2216.0      	独钓                   	8793
703   	2216.0      	昏睡猫                	2608
704   	2216.0      	字一色小四喜       	128
705   	2216.0      	友相伴                	80
706   	2216.0      	StevenCai                	705
707   	2216.0      	LuckyTree                	4288
708   	2215.0      	逍遥自在             	160
709   	2215.0      	萧十三                	64
710   	2215.0      	日出                   	2003
711   	2215.0      	宽心                   	437
712   	2215.0      	Empty                    	48
713   	2215.0      	AlCu2764                 	1056
714   	2214.0      	猪突猛进             	688
715   	2214.0      	柒七                   	32
716   	2214.0      	帆夜                   	725
717   	2214.0      	三点水                	7324
718   	2214.0      	Nff                      	496
719   	2213.0      	花见由里             	80
720   	2213.0      	祖向格                	160
721   	2213.0      	狗勾战士夕夕       	656
722   	2213.0      	小寒冰                	96
723   	2213.0      	TTz                      	224
724   	2213.0      	QinNai                   	272
725   	2213.0      	PetrCech                 	1260
726   	2212.0      	诈诈的胡             	32
727   	2212.0      	台风                   	1484
728   	2212.0      	diaryw                   	1056
729   	2211.0      	羽之野                	160
730   	2211.0      	小张同学3            	32
731   	2211.0      	娄山关                	96
732   	2210.0      	阿久津翔太          	32
733   	2210.0      	cdg                      	128
734   	2209.0      	篝                      	16
735   	2209.0      	CXZ                      	48
736   	2208.0      	雪哥                   	80
737   	2208.0      	皮皮161616             	64
738   	2208.0      	烦了就打男人       	1414
739   	2208.0      	樱淳宝贝子          	272
740   	2208.0      	凑友顺那             	368
741   	2208.0      	zymmiwang                	472
742   	2207.0      	甲鱼                   	16
743   	2207.0      	星空凛                	48
744   	2207.0      	寿命流雀士          	848
745   	2206.0      	白纯里绪             	96
746   	2206.0      	永清                   	1840
747   	2206.0      	念天地之悠悠       	3024
748   	2206.0      	可爱小花花          	48
749   	2205.0      	随便搞一个          	224
750   	2205.0      	落英                   	2690
751   	2205.0      	胡伊卓                	16
752   	2205.0      	烨卉                   	736
753   	2205.0      	呵呵哒                	144
754   	2205.0      	parrot                   	32
755   	2205.0      	momiji                   	32
756   	2205.0      	VvV不会金八          	288
757   	2204.0      	记忆里的炎夏       	64
758   	2204.0      	WR                       	2523
759   	2203.0      	轻铸                   	302
760   	2203.0      	林零柒                	96
761   	2203.0      	手不离管             	288
762   	2203.0      	幻心                   	16
763   	2203.0      	嘿嘿嘿哈             	64
764   	2203.0      	喜欢做大牌          	2576
765   	2202.0      	竞麻玩家             	80
766   	2202.0      	幽幽不玩游戏       	11
767   	2202.0      	不响玩辣             	16
768   	2202.0      	kx                       	16
769   	2202.0      	Tomcat                   	32
770   	2202.0      	SunnyWong                	336
771   	2201.0      	水墨                   	4144
772   	2201.0      	宫村宫子             	336
773   	2201.0      	FanYan                   	368
774   	2200.0      	林嘿嘿                	528
775   	2200.0      	月挽星回             	608
776   	2200.0      	Eric                     	2235
777   	2199.0      	糖糖0919               	304
778   	2199.0      	求道人                	112
779   	2199.0      	云中观山客          	48
780   	2199.0      	Hydra                    	336
781   	2198.0      	米夜                   	64
782   	2198.0      	杨桃巧克力酱       	80
783   	2198.0      	快乐风男             	16
784   	2198.0      	广东麻将BOT          	20
785   	2198.0      	山前没相见          	2864
786   	2198.0      	尚恩                   	2368
787   	2198.0      	一灯大师             	256
788   	2198.0      	xixi                     	184
789   	2198.0      	linkenwu                 	112
790   	2198.0      	Chauvet                  	128
791   	2197.0      	雀游屋皮皮          	64
792   	2197.0      	阿牛                   	784
793   	2197.0      	缄默德克萨斯       	80
794   	2197.0      	小流风                	656
795   	2197.0      	小天天err             	2625
796   	2197.0      	David                    	4929
797   	2196.0      	九九ya                 	256
798   	2195.0      	牛肉干干             	32
799   	2195.0      	浓眉小眼             	8507
800   	2195.0      	封语                   	112
801   	2195.0      	信噪比                	290
802   	2195.0      	伯约                   	2571
803   	2195.0      	emo                      	480
804   	2195.0      	Entelecheia              	96
805   	2194.0      	陌猪猪                	5844
806   	2194.0      	洋Cc                    	80
807   	2194.0      	patty                    	32
808   	2194.0      	inequality               	16
809   	2194.0      	AlFex                    	137
810   	2193.0      	萌新搞事情          	32
811   	2193.0      	凸眼鱼                	64
812   	2193.0      	TokisakiG                	80
813   	2193.0      	ShooH                    	192
814   	2192.0      	千千晚星             	3420
815   	2192.0      	东瓜帮主             	46
816   	2192.0      	Jackie                   	128
817   	2191.0      	HReimu                   	48
818   	2190.0      	绘心菇凉             	16
819   	2190.0      	煜神                   	464
820   	2190.0      	吃货小飞飞          	16
821   	2190.0      	加藤黄瓜             	32
822   	2190.0      	KNK                      	688
823   	2189.0      	我们的歌             	16
824   	2189.0      	凌叶                   	338
825   	2189.0      	一致连续             	16
826   	2189.0      	jiuli                    	32
827   	2189.0      	WMWMWMWMWMWM             	1232
828   	2188.0      	铁铳王                	128
829   	2188.0      	苹果派                	368
830   	2188.0      	绿豆龙                	1088
831   	2188.0      	盛年莫当             	4044
832   	2188.0      	杠开三条             	368
833   	2188.0      	小熊                   	656
834   	2188.0      	天使的秤             	4978
835   	2188.0      	冰雪羊之角          	894
836   	2188.0      	linkmoon                 	24
837   	2188.0      	TristeQ                  	304
838   	2188.0      	Appr2025                 	32
839   	2187.0      	高抬贵手             	267
840   	2187.0      	落影折桂             	32
841   	2187.0      	老毛                   	16
842   	2187.0      	三无将                	64
843   	2186.0      	轩挺                   	48
844   	2186.0      	胜天一番             	112
845   	2186.0      	hsr                      	16
846   	2186.0      	Ttocgnef                 	80
847   	2185.0      	超级错和王          	16
848   	2185.0      	籉譱䝁                	16
849   	2185.0      	流沙                   	3359
850   	2185.0      	放浪雀士             	2968
851   	2185.0      	夏威夷吉他手       	976
852   	2185.0      	melonpi                  	32
853   	2185.0      	GyroZeppeli              	208
854   	2185.0      	GYIMGY                   	80
855   	2184.0      	阿寒                   	224
856   	2184.0      	橘子111                	16
857   	2184.0      	tmry                     	656
858   	2184.0      	Kevin                    	64
859   	2183.0      	张麻子                	232
860   	2182.0      	黑沢口关             	80
861   	2182.0      	白水哩                	16
862   	2182.0      	volknet                  	337
863   	2182.0      	hb                       	77
864   	2182.0      	Lyun                     	240
865   	2182.0      	JN                       	256
866   	2181.0      	吕伦                   	48
867   	2181.0      	Panda棒哒              	2864
868   	2180.0      	姬攻千歌音          	496
869   	2180.0      	北北                   	271
870   	2180.0      	banz                     	368
871   	2179.0      	齐静春                	16
872   	2179.0      	璃月雾社             	461
873   	2179.0      	杜衡                   	192
874   	2179.0      	owen2006                 	32
875   	2179.0      	hrb                      	2048
876   	2178.0      	秀儿稳                	1552
877   	2178.0      	天使的锁             	36
878   	2178.0      	乾澜                   	208
879   	2178.0      	Archetto                 	256
880   	2177.0      	魔法少女寻笺       	732
881   	2177.0      	岚兰                   	2880
882   	2177.0      	blueboat                 	64
883   	2176.0      	小张同学             	32
884   	2175.0      	臭象                   	128
885   	2175.0      	燕麦豆乳             	16
886   	2175.0      	宗云先生             	304
887   	2175.0      	River                    	432
888   	2174.0      	陈楠                   	3944
889   	2174.0      	耳朵老师             	2819
890   	2173.0      	冰糖榴梨             	139
891   	2173.0      	wxkj99                   	64
892   	2173.0      	qzgg                     	304
893   	2173.0      	YU清清                 	16
894   	2173.0      	Tony                     	48
895   	2173.0      	Shangbeiya               	48
896   	2172.0      	诸葛长青             	77
897   	2172.0      	仁言否                	144
898   	2172.0      	久遠之花             	80
899   	2172.0      	Tiger                    	2272
900   	2172.0      	StaticFish               	160
901   	2172.0      	Marygold1                	464
902   	2172.0      	Higuchi                  	56
903   	2171.0      	火老弟                	2257
904   	2171.0      	新手二段里仑       	1211
905   	2170.0      	青岛浪速小梁       	256
906   	2170.0      	幻浪                   	256
907   	2170.0      	和绝张                	3649
908   	2170.0      	miaomiao                 	1737
909   	2170.0      	Iconoclastic             	586
910   	2169.0      	滚滚浪花             	2021
911   	2169.0      	TyrusYip                 	448
912   	2168.0      	风林舞破             	112
913   	2168.0      	大苏打                	80
914   	2168.0      	博博巨奈斯          	64
915   	2167.0      	超强力鸡翅          	48
916   	2167.0      	要来点智乃吗       	256
917   	2167.0      	左手君                	112
918   	2167.0      	单一                   	16
919   	2167.0      	主播狙击手          	64
920   	2167.0      	xkfy                     	912
921   	2166.0      	青椒                   	684
922   	2166.0      	花君子                	1965
923   	2166.0      	日安夜愿             	64
924   	2166.0      	小香茶                	448
925   	2166.0      	konskie                  	8
926   	2166.0      	benzene                  	3088
927   	2165.0      	蛋黄派                	8615
928   	2165.0      	菲利                   	96
929   	2165.0      	宗门天骄             	160
930   	2165.0      	多情龙井             	48
931   	2165.0      	哼哼总                	16
932   	2165.0      	伯约0                  	48
933   	2165.0      	yyyyy                    	1216
934   	2164.0      	鹿鹿                   	16
935   	2164.0      	真名不好取          	192
936   	2164.0      	夏野川                	176
937   	2164.0      	eraofexp                 	776
938   	2163.0      	阿吉                   	144
939   	2163.0      	流觞                   	32
940   	2163.0      	加勒比海带          	712
941   	2163.0      	MKimiSH                  	1216
942   	2162.0      	黒い雨                	224
943   	2162.0      	捷尔                   	144
944   	2162.0      	小E                     	368
945   	2161.0      	鬼手大师兄          	2936
946   	2161.0      	阳光牛子             	64
947   	2161.0      	止匕小幺             	32
948   	2161.0      	大胡                   	9
949   	2161.0      	北宸星落             	944
950   	2161.0      	kozend                   	32
951   	2161.0      	afanty                   	1264
952   	2161.0      	Amazingkitty             	96
953   	2160.0      	黎子糕                	48
954   	2160.0      	落殇                   	848
955   	2160.0      	空折花枝             	128
956   	2160.0      	源代码                	224
957   	2160.0      	大货车斯马托       	648
958   	2160.0      	亦然                   	5582
959   	2160.0      	Attersee                 	976
960   	2159.0      	艳阳天                	1082
961   	2159.0      	眠灯入门             	40
962   	2159.0      	Tetriseffect             	1216
963   	2158.0      	理论魔术师          	64
964   	2158.0      	ws1221                   	464
965   	2157.0      	四错和散了          	628
966   	2157.0      	南宁正氣雀馆       	2672
967   	2157.0      	yoda                     	128
968   	2156.0      	马庭芦花             	160
969   	2156.0      	长崎爱爱音          	64
970   	2156.0      	月出星河             	820
971   	2156.0      	恐怖福瑞             	992
972   	2156.0      	不破爱花             	16
973   	2156.0      	三只大土鳖          	176
974   	2156.0      	M7t11                    	96
975   	2155.0      	连六                   	5445
976   	2155.0      	自摸全求人          	240
977   	2155.0      	愿樱落时见你       	144
978   	2155.0      	因幡爱瑠             	208
979   	2154.0      	老歪子                	80
980   	2154.0      	瞻某人                	16
981   	2154.0      	狠人大帝             	128
982   	2154.0      	海伯利安             	1464
983   	2154.0      	xtd                      	112
984   	2153.0      	长崎素世             	587
985   	2153.0      	哎呦我去             	1712
986   	2153.0      	tenten                   	32
987   	2152.0      	风雨两重天          	48
988   	2152.0      	貔貅送分童子       	16
989   	2152.0      	圣堂萌新0v0          	80
990   	2152.0      	嘉瑜之秋             	16
991   	2152.0      	keke                     	928
992   	2151.0      	次方                   	112
993   	2151.0      	Malkavian                	144
994   	2150.0      	蒙多医生             	16
995   	2150.0      	白开心                	852
996   	2150.0      	小绿帽                	48
997   	2150.0      	LapisYang                	768
998   	2149.0      	超薄也有距离       	48
999   	2149.0      	清梦挽歌             	128
1000  	2149.0      	我是                   	160
1001  	2149.0      	平生欢                	96
1002  	2149.0      	云淡风轻             	144
1003  	2149.0      	WeakBot2                 	72
1004  	2149.0      	Tolerate                 	112
1005  	2148.0      	浅                      	160
1006  	2148.0      	木之心                	48
1007  	2148.0      	我勒个痛啊          	144
1008  	2148.0      	不断樱花             	209
1009  	2148.0      	tlr                      	212
1010  	2148.0      	WAduck                   	1336
1011  	2147.0      	王大星                	288
1012  	2147.0      	二狗狗不狗          	960
1013  	2147.0      	qqll                     	128
1014  	2147.0      	TYS                      	1448
1015  	2147.0      	L香味                  	464
1016  	2146.0      	ohmymy                   	96
1017  	2145.0      	马砻                   	240
1018  	2145.0      	绵羊                   	16
1019  	2145.0      	朴彩英                	279
1020  	2145.0      	Bourbon                  	128
1021  	2145.0      	Alismatika               	512
1022  	2144.0      	当红辣子君          	4080
1023  	2144.0      	卷谁呢                	48
1024  	2144.0      	inami                    	928
1025  	2144.0      	YandereChan              	112
1026  	2144.0      	SCM7716                  	304
1027  	2144.0      	OODCC                    	32
1028  	2143.0      	雷雨霆                	1792
1029  	2143.0      	珈蓝                   	16
1030  	2143.0      	南风                   	32
1031  	2143.0      	kiriha                   	48
1032  	2143.0      	Yuki琪琪               	2736
1033  	2142.0      	日麻是什么          	161
1034  	2142.0      	妙手捞月             	576
1035  	2142.0      	quill                    	32
1036  	2141.0      	舛敖                   	176
1037  	2141.0      	summer                   	80
1038  	2141.0      	lapulas                  	80
1039  	2141.0      	M81                      	136
1040  	2140.0      	韦一笑                	6500
1041  	2140.0      	御无双青猫          	112
1042  	2140.0      	上亿小弟             	16
1043  	2140.0      	一听就和             	16
1044  	2140.0      	pfsP                     	48
1045  	2140.0      	Tour诺达               	16
1046  	2140.0      	K437                     	528
1047  	2139.0      	黑泽咲                	96
1048  	2139.0      	十八线玩家          	3607
1049  	2139.0      	Jamesqin                 	48
1050  	2139.0      	Entpr                    	16
1051  	2138.0      	玖楼的考古家       	16
1052  	2138.0      	东云绘名             	80
1053  	2138.0      	三十                   	1699
1054  	2137.0      	小胡                   	9
1055  	2137.0      	墨色清涟池          	112
1056  	2137.0      	只胡小天凤          	508
1057  	2137.0      	不要南风             	80
1058  	2136.0      	秋名山丘比          	32
1059  	2136.0      	叽噜咕噜叽喽       	32
1060  	2136.0      	伏黑惠的玉犬       	656
1061  	2136.0      	chongyu7896              	16
1062  	2136.0      	K酱                     	432
1063  	2136.0      	Forenal                  	16
1064  	2136.0      	Adrian105                	64
1065  	2135.0      	输到想妈妈          	96
1066  	2135.0      	月黑风高夜          	341
1067  	2134.0      	超级七对怪          	272
1068  	2134.0      	蓝天skyhuner           	1056
1069  	2134.0      	萌薪996                	16
1070  	2134.0      	saltyfish                	16
1071  	2133.0      	蓝岚                   	80
1072  	2133.0      	芋头                   	64
1073  	2133.0      	羽墨                   	176
1074  	2133.0      	白龙小熊             	80
1075  	2133.0      	木木夕                	224
1076  	2133.0      	ycrj                     	80
1077  	2133.0      	Seven                    	192
1078  	2132.0      	榕一                   	656
1079  	2132.0      	晚晴                   	64
1080  	2132.0      	发牌姬                	1374
1081  	2132.0      	作业                   	400
1082  	2132.0      	void337                  	16
1083  	2132.0      	lhylx                    	16
1084  	2131.0      	龙lwf                   	4541
1085  	2131.0      	雀蛏                   	394
1086  	2131.0      	海子哥                	160
1087  	2131.0      	彩色塑料星          	621
1088  	2131.0      	塔菲                   	384
1089  	2131.0      	全效进张             	528
1090  	2131.0      	不重要的同学       	16
1091  	2131.0      	v70                      	144
1092  	2130.0      	肉布斯                	160
1093  	2130.0      	王牌小管             	32
1094  	2130.0      	水色如烟             	2556
1095  	2130.0      	silence                  	24
1096  	2130.0      	parkloss403              	400
1097  	2130.0      	gggluggg                 	144
1098  	2129.0      	沐光重生             	208
1099  	2129.0      	喵喵机                	16
1100  	2129.0      	miracle                  	112
1101  	2129.0      	XXHYX                    	192
1102  	2129.0      	MrLiu                    	64
1103  	2129.0      	Altros                   	48
1104  	2129.0      	Aimp                     	728
1105  	2128.0      	飞龙在天             	16
1106  	2128.0      	牧羊人                	5208
1107  	2128.0      	牢C                     	48
1108  	2128.0      	弥卡呦                	16
1109  	2128.0      	令狐封                	256
1110  	2128.0      	xiaokiss                 	16
1111  	2128.0      	Simba07                  	48
1112  	2128.0      	PreB                     	16
1113  	2127.0      	蜜橘                   	2852
1114  	2127.0      	天胡                   	96
1115  	2127.0      	zinv                     	64
1116  	2127.0      	spoonzzzz                	16
1117  	2127.0      	ck053                    	16
1118  	2127.0      	Ch1ak1                   	736
1119  	2126.0      	阿亮                   	880
1120  	2126.0      	胖子zzz                	144
1121  	2126.0      	柳梦璃                	1248
1122  	2126.0      	明薪99                 	432
1123  	2126.0      	无关烟尘风月       	43
1124  	2126.0      	岳麓山大王          	16
1125  	2126.0      	大王八                	1296
1126  	2126.0      	万俟北辰             	96
1127  	2126.0      	pecuria                  	560
1128  	2126.0      	bits                     	128
1129  	2125.0      	秋8LUE                  	48
1130  	2125.0      	reswa1                   	320
1131  	2125.0      	morgl                    	48
1132  	2125.0      	SDU麻雀                	176
1133  	2125.0      	NenNen                   	96
1134  	2125.0      	Kuma                     	912
1135  	2125.0      	Duke                     	1200
1136  	2124.0      	熵减                   	750
1137  	2124.0      	心悦                   	1440
1138  	2124.0      	井川子虎             	112
1139  	2124.0      	三索得了MVP          	160
1140  	2124.0      	yy小泠                 	608
1141  	2123.0      	茗清流                	3356
1142  	2123.0      	林中及时雨          	208
1143  	2122.0      	古月方源             	32
1144  	2121.0      	飞天不怕打雷       	64
1145  	2121.0      	小林                   	48
1146  	2121.0      	六百六十六          	80
1147  	2121.0      	仓鼠                   	16
1148  	2121.0      	SfArccos                 	128
1149  	2121.0      	CoL1n                    	80
1150  	2120.0      	四角豆星             	336
1151  	2120.0      	pzhyjz                   	368
1152  	2120.0      	pedro                    	448
1153  	2120.0      	beita                    	48
1154  	2119.0      	zacian                   	176
1155  	2119.0      	AbbyKo                   	320
1156  	2118.0      	番多多                	1704
1157  	2117.0      	顾浅辞                	48
1158  	2117.0      	萌新小白             	64
1159  	2117.0      	孤独与saki            	33
1160  	2117.0      	ssshamu                  	224
1161  	2117.0      	pakake                   	304
1162  	2116.0      	胜负师f               	16
1163  	2116.0      	百合123                	16
1164  	2116.0      	天河                   	32
1165  	2116.0      	夤夜长风             	80
1166  	2116.0      	yayoi                    	624
1167  	2116.0      	supercp                  	48
1168  	2115.0      	落夏                   	272
1169  	2115.0      	沮望                   	384
1170  	2115.0      	我有亿点菜          	43
1171  	2115.0      	kulin                    	111
1172  	2114.0      	青花鱼尾             	2432
1173  	2114.0      	立直大王             	128
1174  	2114.0      	周周                   	32
1175  	2114.0      	九莲老登             	432
1176  	2114.0      	neurax                   	48
1177  	2114.0      	mikan                    	160
1178  	2114.0      	eco                      	16
1179  	2114.0      	Esx                      	48
1180  	2113.0      	钙热                   	320
1181  	2113.0      	菠萝自闭了          	64
1182  	2113.0      	平和達人             	208
1183  	2113.0      	婉兮                   	64
1184  	2113.0      	JTY123457                	16
1185  	2113.0      	BrilliantIME             	736
1186  	2112.0      	阿瑟！                	16
1187  	2112.0      	还在流浪             	768
1188  	2112.0      	王致和卤大鹅       	525
1189  	2112.0      	嗯不好不可以       	124
1190  	2112.0      	咖啡                   	672
1191  	2112.0      	卿湫                   	208
1192  	2112.0      	不吃葱花             	496
1193  	2112.0      	symbol                   	48
1194  	2112.0      	suliao                   	112
1195  	2112.0      	Silence                  	560
1196  	2111.0      	诈和天地人和       	6470
1197  	2111.0      	渋德安                	64
1198  	2111.0      	枫野                   	32
1199  	2111.0      	春落华庭             	32
1200  	2110.0      	芜芯                   	96
1201  	2110.0      	唔C迪C                 	1040
1202  	2110.0      	唐铭铭                	48
1203  	2110.0      	加贝勒                	3408
1204  	2109.0      	郭橐驼                	80
1205  	2109.0      	贯                      	2808
1206  	2109.0      	绝寂                   	128
1207  	2109.0      	第二片天             	80
1208  	2109.0      	盈峰环境小彭       	128
1209  	2109.0      	总是学不会          	288
1210  	2109.0      	中島めいし          	176
1211  	2109.0      	Ash                      	425
1212  	2108.0      	诚                      	80
1213  	2108.0      	包包大人             	32
1214  	2108.0      	SpireSleeps              	32
1215  	2107.0      	月明天朗             	240
1216  	2107.0      	新建文件夹          	1696
1217  	2107.0      	我是时光啊          	376
1218  	2107.0      	小白                   	352
1219  	2107.0      	圓點儿                	896
1220  	2107.0      	千早爱音             	112
1221  	2107.0      	yyyyyyh                  	48
1222  	2106.0      	与梦随缘喵          	32
1223  	2106.0      	Eumenides                	96
1224  	2105.0      	awei                     	48
1225  	2105.0      	PlanB                    	192
1226  	2104.0      	西月                   	288
1227  	2104.0      	章无律                	2480
1228  	2104.0      	無番和自摸          	96
1229  	2104.0      	春米                   	32
1230  	2104.0      	Neam                     	40
1231  	2103.0      	阿彰不凑番          	1072
1232  	2103.0      	超收敛模形式       	32
1233  	2103.0      	碰碰胡幺九刻       	64
1234  	2103.0      	火柴                   	48
1235  	2103.0      	插ga                    	52
1236  	2103.0      	宇笙                   	80
1237  	2103.0      	rapid                    	80
1238  	2103.0      	peipei                   	192
1239  	2103.0      	Szdzs                    	1763
1240  	2103.0      	Restist                  	800
1241  	2102.0      	成歩堂龍1            	64
1242  	2102.0      	信教的coke            	24
1243  	2102.0      	依璐                   	448
1244  	2102.0      	WeakBot1                 	72
1245  	2102.0      	Jayden1129               	16
1246  	2102.0      	Ahnenerbe412             	219
1247  	2101.0      	蚀叁夭                	3704
1248  	2101.0      	空想少女             	2348
1249  	2100.0      	熔岩                   	832
1250  	2100.0      	正弦                   	324
1251  	2100.0      	小三元                	17712
1252  	2100.0      	SEiYA                    	456
1253  	2099.0      	Enmity                   	16
1254  	2099.0      	CatHikari                	328
1255  	2098.0      	白晓异                	48
1256  	2098.0      	喻秋水                	704
1257  	2098.0      	光明之眼             	192
1258  	2098.0      	SherWu                   	652
1259  	2098.0      	Fervidstar               	16
1260  	2097.0      	风的思绪             	544
1261  	2097.0      	云枫                   	64
1262  	2097.0      	不求人                	64
1263  	2097.0      	Yu                       	208
1264  	2096.0      	快乐人生             	416
1265  	2096.0      	大年糕                	64
1266  	2096.0      	北部玄驹             	336
1267  	2096.0      	人木自心             	16
1268  	2096.0      	PeterGriffin             	112
1269  	2095.0      	dmd                      	80
1270  	2095.0      	Mercy                    	160
1271  	2094.0      	雀鬼                   	32
1272  	2094.0      	木之本樱             	384
1273  	2094.0      	光睿                   	16
1274  	2093.0      	时尚                   	1224
1275  	2093.0      	数据终端             	48
1276  	2093.0      	Dreamcast                	192
1277  	2093.0      	BestMaomi                	324
1278  	2092.0      	麦克风亚泽          	16
1279  	2092.0      	白羊                   	16
1280  	2092.0      	木辛子                	800
1281  	2092.0      	廃棄物                	80
1282  	2092.0      	山兔                   	32
1283  	2092.0      	paidax                   	935
1284  	2092.0      	lakeside                 	2896
1285  	2092.0      	floatcloud               	400
1286  	2090.0      	蜡笔小帅             	64
1287  	2090.0      	福娃二妹             	640
1288  	2090.0      	Deictic                  	48
1289  	2089.0      	源千鹤                	80
1290  	2089.0      	一蓑烟雨             	64
1291  	2089.0      	InvisibleP               	304
1292  	2088.0      	名字不重要          	16
1293  	2087.0      	诸光                   	880
1294  	2087.0      	匃洗湘冯             	640
1295  	2087.0      	三门齐                	5980
1296  	2086.0      	冰印神座             	1455
1297  	2085.0      	蔓蔓蔓蔓蔓蔓       	48
1298  	2085.0      	病娇灰姑娘          	1541
1299  	2085.0      	只和三步高          	208
1300  	2085.0      	Simon919                 	256
1301  	2084.0      	这是一个小号       	16
1302  	2084.0      	見えない             	32
1303  	2084.0      	花散峪山人考       	16
1304  	2084.0      	科大                   	112
1305  	2084.0      	火鸡                   	1092
1306  	2084.0      	八九胡十万          	4018
1307  	2084.0      	九方                   	32
1308  	2083.0      	荆芥特好吃          	368
1309  	2083.0      	初芝雪音             	288
1310  	2083.0      	ok小子                 	32
1311  	2083.0      	Rozen                    	32
1312  	2082.0      	闪电云                	3376
1313  	2082.0      	无番胡连六          	16
1314  	2082.0      	四四子                	528
1315  	2082.0      	pcx1078                  	1271
1316  	2082.0      	angu                     	448
1317  	2081.0      	算符                   	288
1318  	2080.0      	糊涂蜜蜜             	1424
1319  	2080.0      	日月星辰帅哥       	1153
1320  	2080.0      	小任好运来          	32
1321  	2080.0      	喻川                   	48
1322  	2079.0      	江海寄余生          	1344
1323  	2079.0      	一田                   	2247
1324  	2079.0      	kanna                    	1229
1325  	2079.0      	GlassRod                 	80
1326  	2078.0      	陈佳豪                	1189
1327  	2078.0      	连七对                	16
1328  	2078.0      	真心                   	2720
1329  	2078.0      	Virophage                	444
1330  	2078.0      	TMT                      	16
1331  	2078.0      	GoodNight                	400
1332  	2077.0      	璃小玖                	32
1333  	2077.0      	jzjbest                  	128
1334  	2077.0      	jtnmsl                   	16
1335  	2076.0      	陈杨飞雅             	1365
1336  	2076.0      	茶花                   	48
1337  	2076.0      	打国标第一天       	72
1338  	2076.0      	御剑飞行             	1487
1339  	2076.0      	奇克kik                	32
1340  	2076.0      	十鬼蛇沃玛          	320
1341  	2075.0      	渼酒                   	1141
1342  	2075.0      	歌彫                   	2567
1343  	2075.0      	Rich                     	144
1344  	2075.0      	Haru                     	32
1345  	2075.0      	A1S                      	16
1346  	2074.0      	苑清青                	224
1347  	2074.0      	琵琶鱼                	16
1348  	2074.0      	御无双                	96
1349  	2074.0      	伪随机                	544
1350  	2074.0      	softhuang                	32
1351  	2073.0      	爱喝水的思          	96
1352  	2073.0      	日暗地旱             	80
1353  	2073.0      	小虫鼬                	1120
1354  	2073.0      	Ccy                      	32
1355  	2072.0      	萌新小雷             	96
1356  	2072.0      	春田太太             	32
1357  	2072.0      	悠雨丶浪淘沙       	379
1358  	2072.0      	小小鹿                	32
1359  	2072.0      	TenyZ                    	16
1360  	2071.0      	阿橘ovo                	16
1361  	2071.0      	我来截个和          	160
1362  	2070.0      	陈亚轩                	48
1363  	2070.0      	果味苏打             	32
1364  	2070.0      	卡卡                   	2877
1365  	2070.0      	Weldon                   	10170
1366  	2070.0      	Richard71705             	144
1367  	2069.0      	洋平                   	32
1368  	2069.0      	川和桜子             	192
1369  	2069.0      	冥小喵                	32
1370  	2069.0      	丛寂                   	16
1371  	2069.0      	xxxr                     	32
1372  	2069.0      	Yangyumao                	16
1373  	2069.0      	Imok                     	512
1374  	2069.0      	C8H16O2                  	16
1375  	2068.0      	番                      	112
1376  	2068.0      	楠枫溪                	464
1377  	2068.0      	frankie21                	2485
1378  	2067.0      	茉莉鲨                	112
1379  	2067.0      	崇灯                   	96
1380  	2067.0      	寳儿丶少爷          	320
1381  	2067.0      	Nova                     	112
1382  	2067.0      	FMA                      	3891
1383  	2066.0      	聆风秋邻             	735
1384  	2066.0      	王泥喜法介          	836
1385  	2066.0      	木头小人儿r         	16
1386  	2066.0      	小小小小秋          	89
1387  	2066.0      	Sakura                   	96
1388  	2066.0      	MakiYu                   	32
1389  	2066.0      	Ghuxi                    	16
1390  	2065.0      	晨昏对峙             	32
1391  	2065.0      	小熊摊手             	853
1392  	2065.0      	h0081324                 	304
1393  	2064.0      	无想の呦             	16
1394  	2064.0      	不名                   	288
1395  	2063.0      	博博                   	672
1396  	2063.0      	Clay斯托瑟            	80
1397  	2062.0      	星月城                	208
1398  	2062.0      	孤影                   	48
1399  	2062.0      	molan                    	112
1400  	2061.0      	笹葉更紗             	16
1401  	2061.0      	百里                   	32
1402  	2061.0      	白石奈奈             	32
1403  	2061.0      	甜橙                   	16
1404  	2061.0      	幻月符文             	32
1405  	2061.0      	居居                   	32
1406  	2061.0      	佩奇QAQ                	80
1407  	2061.0      	三色同顺             	80
1408  	2060.0      	星月9996               	1200
1409  	2060.0      	小犬卡西             	704
1410  	2060.0      	冰蓝雨晨             	128
1411  	2060.0      	lwyshawn                 	32
1412  	2060.0      	Ambitious荣             	32
1413  	2059.0      	阿升                   	520
1414  	2059.0      	葡萄汁                	112
1415  	2058.0      	大三元                	32
1416  	2058.0      	北京九十四中       	32
1417  	2058.0      	佐佐木淳平          	80
1418  	2057.0      	西兰花                	48
1419  	2057.0      	菜鸟123                	596
1420  	2057.0      	喵喵麦当当          	16
1421  	2057.0      	roysongor                	144
1422  	2056.0      	bangdoll                 	160
1423  	2056.0      	Jencese2号              	320
1424  	2055.0      	笔锋微凉             	368
1425  	2054.0      	黎洛溟JM              	192
1426  	2054.0      	自摸8001600            	938
1427  	2054.0      	白夜撞鬼             	407
1428  	2054.0      	大节不夺             	32
1429  	2054.0      	丝瓜                   	288
1430  	2054.0      	supmary                  	80
1431  	2054.0      	V0Ghost                  	144
1432  	2054.0      	Jesse                    	32
1433  	2054.0      	Hotaru                   	112
1434  	2053.0      	自古以来             	16
1435  	2053.0      	卡先生                	96
1436  	2053.0      	stonemason               	64
1437  	2053.0      	Cast27                   	320
1438  	2052.0      	遠坂見月             	64
1439  	2052.0      	流子                   	16
1440  	2052.0      	天然法师             	16
1441  	2052.0      	困了喵                	112
1442  	2051.0      	自然醒                	208
1443  	2051.0      	星晴                   	567
1444  	2051.0      	千手白子             	64
1445  	2051.0      	一碗小甜粥          	3808
1446  	2051.0      	Ryzen                    	84
1447  	2051.0      	Oscar                    	16
1448  	2050.0      	雏步                   	208
1449  	2050.0      	甘蔗                   	16
1450  	2050.0      	普通怪兽奇卡       	32
1451  	2050.0      	乙二胺四乙酸       	416
1452  	2049.0      	老王c                  	32
1453  	2049.0      	微光                   	176
1454  	2049.0      	chen                     	576
1455  	2049.0      	Tricale                  	64
1456  	2049.0      	Homeless                 	160
1457  	2048.0      	萌新有雪             	240
1458  	2048.0      	暗刻来了             	2176
1459  	2047.0      	魂魄                   	1888
1460  	2047.0      	蜘蛛                   	672
1461  	2047.0      	番茄不能炒蛋       	539
1462  	2047.0      	嗯嗯                   	32
1463  	2047.0      	决绝玦                	88
1464  	2047.0      	三百斤小胖熊       	248
1465  	2045.0      	朱雀                   	80
1466  	2045.0      	无机盐                	176
1467  	2044.0      	琪露诺不是九       	352
1468  	2044.0      	撒点小孜然          	16
1469  	2042.0      	萧寒头号红粉       	48
1470  	2042.0      	晨曦                   	16
1471  	2042.0      	晨三                   	792
1472  	2042.0      	无奈喵                	112
1473  	2042.0      	打雀青年             	304
1474  	2042.0      	山丹丹开花          	3917
1475  	2042.0      	何いみ                	320
1476  	2042.0      	二策                   	908
1477  	2042.0      	wyy1990                  	208
1478  	2041.0      	火星包                	64
1479  	2040.0      	茗芮里                	1424
1480  	2040.0      	浪子燕青1974         	96
1481  	2040.0      	小霸王团子          	32
1482  	2040.0      	乌萨奇                	32
1483  	2040.0      	qsw2025                  	336
1484  	2040.0      	duncan21                 	1879
1485  	2040.0      	Nagaiyume                	80
1486  	2039.0      	黑火                   	352
1487  	2039.0      	海                      	968
1488  	2039.0      	加油各位             	1136
1489  	2039.0      	Jk酱                    	688
1490  	2038.0      	風林火山             	1056
1491  	2038.0      	弧龍星                	1296
1492  	2038.0      	annayanami               	16
1493  	2038.0      	Kay1212                  	48
1494  	2038.0      	Kagami                   	208
1495  	2037.0      	显卡                   	448
1496  	2037.0      	尘墨                   	48
1497  	2037.0      	小华                   	48
1498  	2037.0      	Aurora                   	80
1499  	2036.0      	橙                      	80
1500  	2036.0      	无有之间             	80
1501  	2036.0      	kbb                      	32
1502  	2036.0      	Muigi                    	48
1503  	2035.0      	初见                   	6900
1504  	2034.0      	天使的浦             	624
1505  	2034.0      	吱吱                   	128
1506  	2034.0      	YOLO                     	2160
1507  	2034.0      	WLSTALIN                 	384
1508  	2034.0      	INFP                     	128
1509  	2033.0      	秋秋                   	96
1510  	2033.0      	gbnewbie                 	608
1511  	2032.0      	足立レイ             	304
1512  	2032.0      	菠萝吹雪             	3024
1513  	2032.0      	无言清澈之风       	64
1514  	2032.0      	下等立直麻将       	256
1515  	2031.0      	桔梗                   	32
1516  	2031.0      	大大大鹏子          	32
1517  	2031.0      	modayo                   	32
1518  	2031.0      	fiorgace                 	128
1519  	2031.0      	RimanC                   	64
1520  	2030.0      	妖妖果                	48
1521  	2030.0      	依万苏                	6210
1522  	2029.0      	imv                      	96
1523  	2028.0      	贰山山                	2765
1524  	2028.0      	早柚                   	144
1525  	2028.0      	奶瓶                   	112
1526  	2027.0      	小灰灰                	32
1527  	2027.0      	RBsq                     	384
1528  	2027.0      	Bullshitmatt             	64
1529  	2026.0      	清风                   	96
1530  	2026.0      	洋山芋炒咸鱼       	208
1531  	2026.0      	我最逍遥             	64
1532  	2026.0      	伯德                   	280
1533  	2026.0      	ShovelKnight             	384
1534  	2026.0      	SL七叶                 	296
1535  	2025.0      	深海大菠萝          	112
1536  	2024.0      	黄腾                   	80
1537  	2024.0      	萌新99成              	893
1538  	2024.0      	海狼李林             	3155
1539  	2024.0      	znev                     	64
1540  	2024.0      	Toriel                   	328
1541  	2024.0      	Feira                    	208
1542  	2023.0      	阿珊                   	784
1543  	2022.0      	庄寒雁                	96
1544  	2022.0      	仲林圭                	16
1545  	2022.0      	payphone121              	160
1546  	2021.0      	馆长长长长长       	112
1547  	2021.0      	阿月                   	4872
1548  	2021.0      	二                      	2688
1549  	2020.0      	homasWSC                 	1380
1550  	2020.0      	MarioYio                 	48
1551  	2019.0      	渣渣夕                	112
1552  	2019.0      	小1他                  	64
1553  	2019.0      	初冬666                	400
1554  	2019.0      	trane                    	960
1555  	2019.0      	Mon3tr                   	544
1556  	2018.0      	辕                      	224
1557  	2018.0      	数错番紫乌龟       	208
1558  	2018.0      	余光                   	1260
1559  	2018.0      	gggmouseee               	302
1560  	2017.0      	牌手                   	272
1561  	2017.0      	是小天才耶          	240
1562  	2017.0      	PureTea                  	68
1563  	2016.0      	食卓塩                	48
1564  	2016.0      	雀神A01                	228
1565  	2016.0      	辅辅                   	256
1566  	2016.0      	留下的静悄悄       	384
1567  	2016.0      	球1234                  	120
1568  	2016.0      	Middag                   	96
1569  	2015.0      	萌新小笨鸟          	287
1570  	2015.0      	琦玉                   	16
1571  	2015.0      	玖染                   	16
1572  	2015.0      	检查绝张             	96
1573  	2015.0      	忆相逢连六          	128
1574  	2015.0      	四喜                   	4459
1575  	2014.0      	老子很帥             	192
1576  	2014.0      	zhozho                   	144
1577  	2014.0      	minji                    	16
1578  	2013.0      	墨风镜花水月       	16
1579  	2012.0      	荔枝好吃             	320
1580  	2012.0      	草莓                   	128
1581  	2012.0      	漳州Cody               	64
1582  	2012.0      	和光同尘             	432
1583  	2011.0      	渣不多德勒          	176
1584  	2011.0      	清风明月             	192
1585  	2011.0      	小柒zZ                 	240
1586  	2011.0      	国标良辰加油       	96
1587  	2011.0      	nmleague                 	16
1588  	2010.0      	钅黑心村民          	48
1589  	2010.0      	shiro                    	96
1590  	2009.0      	绝不认输             	48
1591  	2009.0      	欧鳇要下头          	128
1592  	2009.0      	欧宸羽                	1360
1593  	2009.0      	幽梦一帘             	48
1594  	2009.0      	崽崽子哟             	16
1595  	2009.0      	呓语年少             	32
1596  	2009.0      	冰封                   	176
1597  	2008.0      	竹夜卿                	32
1598  	2008.0      	国家二级废物       	832
1599  	2008.0      	fyiak                    	240
1600  	2007.0      	淡定哥                	252
1601  	2007.0      	拈牌一笑             	1341
1602  	2007.0      	抹茶味纯子          	496
1603  	2007.0      	小凯凯                	64
1604  	2007.0      	天野ヒトミ          	512
1605  	2007.0      	倒不推推不倒       	496
1606  	2006.0      	达斯眉目             	128
1607  	2006.0      	花毛                   	1901
1608  	2006.0      	来吃莴苣吧          	8
1609  	2006.0      	我是战神             	2108
1610  	2006.0      	Mo鱼                    	2952
1611  	2005.0      	郑美云                	32
1612  	2005.0      	细呷温酒6708         	1095
1613  	2005.0      	弃月                   	203
1614  	2005.0      	srj                      	16
1615  	2004.0      	图图帕特             	1104
1616  	2004.0      	北条沙都子          	192
1617  	2004.0      	IceCola                  	96
1618  	2003.0      	逃课的安             	576
1619  	2003.0      	发腮缅因             	16
1620  	2002.0      	祝                      	80
1621  	2002.0      	Ramoynd                  	96
1622  	2002.0      	ExplodedCT               	240
1623  	2001.0      	IO                       	16
1624  	2000.0      	昵称                   	16
1625  	2000.0      	伊尔                   	368
1626  	2000.0      	dz                       	240
1627  	1999.0      	平和                   	524
1628  	1999.0      	小米                   	96
1629  	1999.0      	NaOH                     	312
1630  	1998.0      	卖间久里代          	1710
1631  	1998.0      	何文文大人          	16
1632  	1998.0      	OFDM调制解调         	148
1633  	1997.0      	邦德                   	16
1634  	1997.0      	熊哥                   	32
1635  	1997.0      	刘十六                	80
1636  	1997.0      	企鹅                   	48
1637  	1997.0      	下一张牌自摸       	344
1638  	1997.0      	kay                      	2169
1639  	1996.0      	桃蹊柳陌             	7232
1640  	1995.0      	温柔的光             	64
1641  	1994.0      	追寻                   	48
1642  	1994.0      	和平                   	4052
1643  	1994.0      	guo707                   	64
1644  	1993.0      	拾陆                   	384
1645  	1993.0      	liqiu                    	224
1646  	1992.0      	风雪奇缘             	112
1647  	1992.0      	zzzsk                    	32
1648  	1992.0      	Peter                    	64
1649  	1991.0      	逆光w                  	1104
1650  	1991.0      	凛风寒梅             	96
1651  	1991.0      	五分发挥de           	256
1652  	1991.0      	lingtong                 	592
1653  	1990.0      	湖惑                   	16
1654  	1990.0      	唐指导yestdy          	64
1655  	1990.0      	佟佟家                	1767
1656  	1990.0      	东宫之主             	2966
1657  	1989.0      	旗客                   	496
1658  	1989.0      	天天                   	96
1659  	1989.0      	去去                   	416
1660  	1989.0      	white                    	16
1661  	1989.0      	kabidesu                 	272
1662  	1989.0      	alldxly                  	1166
1663  	1989.0      	LogY                     	256
1664  	1988.0      	霸霸                   	4508
1665  	1988.0      	百千万                	112
1666  	1988.0      	渣男饼干             	80
1667  	1988.0      	卡夫卡卡摔          	16
1668  	1988.0      	flw                      	64
1669  	1988.0      	YK712                    	224
1670  	1987.0      	zyl                      	336
1671  	1986.0      	氟磺酸镍             	972
1672  	1986.0      	Yu無礼                 	176
1673  	1984.0      	摇摇猪                	112
1674  	1984.0      	小白薯                	40
1675  	1984.0      	天清一色             	32
1676  	1984.0      	ysrs                     	2868
1677  	1983.0      	落樱焚雪             	136
1678  	1983.0      	苍落                   	301
1679  	1983.0      	红酒味汽水          	160
1680  	1983.0      	小小灰灰             	112
1681  	1982.0      	火哥                   	2270
1682  	1982.0      	心中的太阳          	112
1683  	1982.0      	Eevee                    	196
1684  	1981.0      	拓                      	601
1685  	1981.0      	幻独                   	16
1686  	1981.0      	全大风风             	320
1687  	1981.0      	suzuya                   	48
1688  	1981.0      	rainhard                 	16
1689  	1981.0      	majongmaster             	64
1690  	1981.0      	Nowherecsb               	256
1691  	1980.0      	鲤鱼号                	80
1692  	1980.0      	英子刘梓鑫          	64
1693  	1980.0      	cx遇恒                 	608
1694  	1979.0      	sauluo                   	16
1695  	1978.0      	白鸟翔                	144
1696  	1978.0      	洛天依                	619
1697  	1978.0      	xiao灰灰丶            	80
1698  	1978.0      	HiramHe                  	64
1699  	1977.0      	红叶                   	152
1700  	1977.0      	兰克拉                	48
1701  	1977.0      	ZJLee                    	320
1702  	1977.0      	MasterSun                	16
1703  	1976.0      	羡鱼                   	192
1704  	1976.0      	全求人                	2816
1705  	1976.0      	michalek                 	96
1706  	1976.0      	Helen                    	208
1707  	1976.0      	ATTACKER75               	224
1708  	1974.0      	祁连祈知             	336
1709  	1973.0      	jjh667                   	32
1710  	1973.0      	fmu小木                	505
1711  	1973.0      	WE1RC                    	464
1712  	1973.0      	Qaitq                    	112
1713  	1972.0      	诗人哪                	144
1714  	1971.0      	静巧                   	112
1715  	1971.0      	雨沐沐                	16
1716  	1971.0      	佰番shooter            	3461
1717  	1971.0      	CuO                      	208
1718  	1970.0      	ftedh                    	496
1719  	1970.0      	cyy                      	32
1720  	1970.0      	Choimoe                  	2520
1721  	1969.0      	白鳥汐音             	48
1722  	1969.0      	星间梦影             	1761
1723  	1969.0      	可爱小灵梦          	64
1724  	1969.0      	rcbar                    	256
1725  	1969.0      	ChaosDon                 	1264
1726  	1968.0      	自动点炮机          	48
1727  	1967.0      	迷途                   	64
1728  	1967.0      	路可王                	48
1729  	1967.0      	出道即巅峰          	272
1730  	1967.0      	倪振民                	176
1731  	1967.0      	Hrl258                   	16
1732  	1966.0      	玖骍                   	128
1733  	1965.0      	杜双龙                	112
1734  	1965.0      	Tin仔                   	32
1735  	1964.0      	常陆茉子             	16
1736  	1964.0      	对酒当歌             	4643
1737  	1964.0      	natsumikka               	112
1738  	1964.0      	Tilams                   	96
1739  	1964.0      	Alola                    	384
1740  	1963.0      	晓白晓白晓          	16
1741  	1963.0      	kk                       	1816
1742  	1963.0      	DSCH                     	128
1743  	1962.0      	张丹丹                	3312
1744  	1961.0      	报告精华             	48
1745  	1961.0      	小傻子                	416
1746  	1961.0      	只道是寻常          	16
1747  	1961.0      	coco                     	112
1748  	1960.0      	月曦                   	112
1749  	1960.0      	往事随风             	6380
1750  	1960.0      	jellyhi                  	224
1751  	1960.0      	artemis                  	176
1752  	1960.0      	PtF6                     	52
1753  	1959.0      	桃子                   	160
1754  	1959.0      	月与星空             	82
1755  	1959.0      	冰极风舞             	32
1756  	1959.0      	yukimurasaki             	144
1757  	1959.0      	kgrox                    	320
1758  	1958.0      	下张自摸真君       	176
1759  	1957.0      	巧思                   	192
1760  	1956.0      	美人就是美          	488
1761  	1956.0      	硅基生命             	224
1762  	1956.0      	灿丽花火             	96
1763  	1956.0      	吴三牛                	3246
1764  	1955.0      	ninaelle                 	192
1765  	1954.0      	就想摸摸鱼          	1164
1766  	1954.0      	小柒                   	368
1767  	1954.0      	sbyz                     	32
1768  	1954.0      	Shawn                    	32
1769  	1951.0      	浩峰音乐             	16
1770  	1951.0      	南风月明             	48
1771  	1951.0      	yuanzi                   	48
1772  	1950.0      	葛天帝                	464
1773  	1950.0      	滚烫小豆浆          	1723
1774  	1950.0      	徐北                   	64
1775  	1950.0      	大七星                	72
1776  	1950.0      	墨羽                   	585
1777  	1950.0      	东东麻                	308
1778  	1950.0      	mortal                   	80
1779  	1949.0      	LuckyGame                	32
1780  	1948.0      	随随便便             	400
1781  	1948.0      	我来辣                	4812
1782  	1947.0      	太常淡省             	32
1783  	1947.0      	UsamiRenko               	119
1784  	1946.0      	魔鬼之魂             	16
1785  	1946.0      	青龙吟秋水          	896
1786  	1946.0      	一叶菩提             	176
1787  	1946.0      	Darker                   	208
1788  	1945.0      	早哥                   	448
1789  	1945.0      	voncast                  	672
1790  	1945.0      	lalulu                   	256
1791  	1945.0      	artrain                  	16
1792  	1944.0      	封兽鵺                	1817
1793  	1943.0      	潮汐獵人             	128
1794  	1943.0      	渡鸟                   	64
1795  	1943.0      	bagua                    	336
1796  	1943.0      	Tortov                   	256
1797  	1943.0      	Sky                      	32
1798  	1942.0      	陌                      	16
1799  	1942.0      	铃声末响             	2704
1800  	1942.0      	ikun                     	48
1801  	1942.0      	Aspartic11               	64
1802  	1941.0      	猫记饭团             	208
1803  	1941.0      	木木                   	72
1804  	1941.0      	lidai                    	2760
1805  	1940.0      	闲月                   	48
1806  	1940.0      	兰姐                   	576
1807  	1939.0      	静座                   	112
1808  	1938.0      	正气明凝             	64
1809  	1938.0      	柯西不再忧伤       	16
1810  	1938.0      	Fayehe                   	128
1811  	1937.0      	xunshan                  	360
1812  	1937.0      	Xiaopp                   	64
1813  	1936.0      	祈桜                   	128
1814  	1936.0      	Yerin0626                	80
1815  	1935.0      	sanse                    	528
1816  	1934.0      	qyjwty                   	64
1817  	1934.0      	Lorvain                  	80
1818  	1933.0      	JerryK                   	160
1819  	1932.0      	方方                   	1808
1820  	1932.0      	地底探险             	560
1821  	1932.0      	DLM                      	64
1822  	1931.0      	楚天危楼独倚       	32
1823  	1930.0      	Schubert                 	912
1824  	1928.0      	咕咕咕咕             	1024
1825  	1928.0      	lhwayne                  	4440
1826  	1926.0      	魔鬼上路             	96
1827  	1926.0      	晚终                   	109
1828  	1926.0      	安宇枫                	648
1829  	1926.0      	luoshen                  	464
1830  	1925.0      	黑道代打つ          	304
1831  	1925.0      	土豆豆鸭             	716
1832  	1924.0      	玖月                   	16
1833  	1924.0      	我想静静             	233
1834  	1924.0      	ouyousou                 	16
1835  	1924.0      	FelixCs                  	16
1836  	1923.0      	专打萧寒             	16
1837  	1923.0      	Pius                     	16
1838  	1922.0      	阳光男孩             	104
1839  	1922.0      	蒹葭                   	96
1840  	1922.0      	云糜                   	160
1841  	1921.0      	妙也                   	272
1842  	1920.0      	璃茉                   	192
1843  	1920.0      	李风乐                	1392
1844  	1919.0      	雪梦可可豆          	1040
1845  	1919.0      	赵秋雨                	336
1846  	1919.0      	祈慕斯                	864
1847  	1919.0      	白羽寒                	48
1848  	1919.0      	江大麻将AI           	240
1849  	1919.0      	sugawara                 	176
1850  	1916.0      	逍遥星空             	224
1851  	1916.0      	天唉唉                	112
1852  	1916.0      	Fred460                  	256
1853  	1915.0      	陈光耀cgy             	815
1854  	1915.0      	绿一色LLFF            	16
1855  	1915.0      	张张进张             	9810
1856  	1915.0      	小星星星君          	16
1857  	1914.0      	深圳柿子吉他       	288
1858  	1914.0      	欧尼酱                	192
1859  	1914.0      	Vorak                    	160
1860  	1914.0      	NCO                      	192
1861  	1914.0      	Felix                    	376
1862  	1913.0      	技零运十             	256
1863  	1912.0      	爪哇龟                	304
1864  	1911.0      	派蒙                   	48
1865  	1911.0      	嘻嘻哈哈             	3120
1866  	1911.0      	N519                     	553
1867  	1910.0      	音樂                   	16
1868  	1910.0      	学霸小黑             	24
1869  	1909.0      	神奇的飞菊          	544
1870  	1909.0      	清風不歸客          	496
1871  	1909.0      	Lily0818                 	32
1872  	1908.0      	麻将预防痴呆       	356
1873  	1907.0      	青椒牛肚炒饭       	5205
1874  	1907.0      	柒分                   	96
1875  	1907.0      	吃了再日             	288
1876  	1907.0      	Hinson                   	1200
1877  	1906.0      	取名废                	48
1878  	1906.0      	元原园神             	2480
1879  	1905.0      	青春的尾巴          	608
1880  	1905.0      	牌搭子                	32
1881  	1905.0      	凤梨酥xxx             	96
1882  	1904.0      	不羁的峰             	528
1883  	1904.0      	hong                     	2496
1884  	1904.0      	ad2                      	32
1885  	1902.0      	小熊老师丶安       	80
1886  	1901.0      	葫芦丶娃             	896
1887  	1901.0      	我是好人             	921
1888  	1900.0      	xlfd                     	32
1889  	1899.0      	雪华yukivv             	128
1890  	1899.0      	就说小伙路过       	1024
1891  	1899.0      	好想线下国标       	48
1892  	1898.0      	阿杰                   	208
1893  	1898.0      	着相                   	4114
1894  	1898.0      	小武                   	48
1895  	1897.0      	沉默的西风          	288
1896  	1897.0      	夜雨桥                	80
1897  	1897.0      	三横一棵树          	16
1898  	1895.0      	慕容彰                	84
1899  	1895.0      	山猫                   	128
1900  	1895.0      	lifeline                 	656
1901  	1894.0      	观自在                	1370
1902  	1894.0      	渣宝                   	176
1903  	1893.0      	杠上补花错和       	480
1904  	1892.0      	蜗牛                   	80
1905  	1892.0      	sfsniper                 	948
1906  	1892.0      	ChloeZ                   	624
1907  	1891.0      	空Jian                  	16
1908  	1891.0      	欧偷袭圣手          	1392
1909  	1891.0      	格喵不是巫师       	192
1910  	1891.0      	小白ali                	224
1911  	1891.0      	shentes                  	48
1912  	1890.0      	一1四五14             	2257
1913  	1890.0      	BLG首席打野          	32
1914  	1888.0      	crp233                   	832
1915  	1886.0      	間奏0721秒            	112
1916  	1886.0      	婚庆老戴             	64
1917  	1884.0      	本智                   	32
1918  	1883.0      	甜蜜桃花             	240
1919  	1883.0      	木叶                   	64
1920  	1883.0      	DankratosBR              	448
1921  	1882.0      	milkdragon               	128
1922  	1881.0      	八番就好             	864
1923  	1881.0      	八云紫幽幽子       	528
1924  	1881.0      	不爱飞的雕          	240
1925  	1880.0      	汐楚三月             	272
1926  	1880.0      	一叶知秋             	48
1927  	1879.0      	小能摊手             	33
1928  	1879.0      	坎坷苦                	902
1929  	1878.0      	组组组组合龙       	48
1930  	1877.0      	克兰娜德             	320
1931  	1876.0      	元喜莲                	1904
1932  	1876.0      	lynchblax84              	48
1933  	1875.0      	发生什么事了       	232
1934  	1874.0      	花顺双抽             	160
1935  	1874.0      	举个栗子             	2836
1936  	1874.0      	kaorukoL0Ve              	16
1937  	1873.0      	zerozeng                 	4128
1938  	1873.0      	Chaojisamoye             	587
1939  	1872.0      	音律                   	1189
1940  	1872.0      	仔恒                   	48
1941  	1871.0      	Acylation                	96
1942  	1870.0      	tempestkou               	136
1943  	1869.0      	念起觉迟             	1456
1944  	1869.0      	Randy                    	3101
1945  	1869.0      	Matter                   	1264
1946  	1868.0      	泠依喵                	80
1947  	1867.0      	小蚊子                	2560
1948  	1866.0      	rkcd                     	16
1949  	1864.0      	wqy                      	48
1950  	1863.0      	啊正本正             	604
1951  	1861.0      	傻哥哥                	9842
1952  	1861.0      	中島由貴             	944
1953  	1861.0      	QYC616                   	656
1954  	1859.0      	送分达人             	272
1955  	1857.0      	Rainudenya               	16
1956  	1856.0      	我爱看评论          	96
1957  	1854.0      	抱米花哦             	224
1958  	1854.0      	小黑白                	272
1959  	1854.0      	Oracle                   	64
1960  	1852.0      	饼蛙                   	16
1961  	1852.0      	絲絲                   	1356
1962  	1852.0      	燚飞扬                	1504
1963  	1850.0      	狂吃狂日             	1144
1964  	1850.0      	zozoko                   	16
1965  	1849.0      	茜空                   	96
1966  	1849.0      	sm                       	352
1967  	1848.0      	吾愿汝                	576
1968  	1847.0      	luocl                    	216
1969  	1847.0      	amyhu                    	556
1970  	1846.0      	ツィさん             	16
1971  	1845.0      	亲亲要乐奈          	569
1972  	1844.0      	vicky                    	944
1973  	1842.0      	上帝肥嘟嘟          	64
1974  	1840.0      	沧九                   	512
1975  	1839.0      	意凉                   	16
1976  	1839.0      	在摸鱼中             	808
1977  	1839.0      	littleWeber              	240
1978  	1838.0      	风灵                   	496
1979  	1838.0      	说说                   	176
1980  	1837.0      	Alphabeb                 	112
1981  	1836.0      	山浩然                	2040
1982  	1835.0      	徐北to                 	2452
1983  	1834.0      	封剑                   	16
1984  	1834.0      	伽罗妹妹             	916
1985  	1833.0      	TinkerBell               	16
1986  	1830.0      	雪豹                   	656
1987  	1830.0      	山不言                	336
1988  	1830.0      	后来                   	2208
1989  	1830.0      	七七yaa                	112
1990  	1829.0      	hamburger                	256
1991  	1829.0      	Xx33272                  	16
1992  	1828.0      	梅梅梅梅             	1472
1993  	1828.0      	日晕月华KBG          	176
1994  	1828.0      	垒浮云                	32
1995  	1828.0      	x5y6                     	16
1996  	1826.0      	江鸟                   	448
1997  	1825.0      	guanzhu                  	288
1998  	1824.0      	尘世                   	288
1999  	1823.0      	brilliant                	36
2000  	1822.0      	墨辰                   	176
2001  	1822.0      	qxbk                     	32
2002  	1819.0      	相约四季             	672
2003  	1818.0      	老杨的小可爱       	16
2004  	1817.0      	赖格宝                	320
2005  	1813.0      	呜喵喵喵恒          	64
2006  	1812.0      	十二归一七对       	48
2007  	1809.0      	金瓜皮子             	368
2008  	1807.0      	黎黎                   	734
2009  	1807.0      	satomi                   	32
2010  	1807.0      	Pluis                    	528
2011  	1803.0      	池州老赵             	16
2012  	1801.0      	Jing                     	32
2013  	1798.0      	上吉                   	16
2014  	1796.0      	翔鹰                   	3536
2015  	1793.0      	AmaneCh                  	304
2016  	1791.0      	渋勍                   	528
2017  	1790.0      	只打萧寒             	32
2018  	1789.0      	HZ                       	896
2019  	1788.0      	huer                     	80
2020  	1787.0      	西楚霸王某某       	192
2021  	1784.0      	icrua0alskjs             	829
2022  	1783.0      	Colanya                  	148
2023  	1780.0      	李早苗                	144
2024  	1780.0      	ua                       	304
2025  	1779.0      	明石                   	16
2026  	1778.0      	孤山战士             	208
2027  	1778.0      	夜雨声烦             	128
2028  	1772.0      	SansGotLazy              	160
2029  	1771.0      	低调玩家             	16
2030  	1765.0      	spmagic                  	452
2031  	1765.0      	rainbow369               	928
2032  	1760.0      	皮卡丘欣             	48
2033  	1760.0      	dorie                    	336
2034  	1759.0      	紫翅                   	512
2035  	1755.0      	幻尘                   	384
2036  	1755.0      	cslp                     	224
2037  	1754.0      	一色三龙会          	112
2038  	1751.0      	振玉                   	1656
2039  	1751.0      	Jenceses                 	496
2040  	1747.0      	臣服                   	1695
2041  	1747.0      	pyy                      	272
2042  	1745.0      	浮生小朋友          	2032
2043  	1742.0      	梁森                   	328
2044  	1741.0      	地狱火的挽歌       	1280
2045  	1740.0      	仰望星空派          	1264
2046  	1739.0      	周平                   	8309
2047  	1734.0      	Kayla773                 	32
2048  	1733.0      	YstarXing                	462
2049  	1728.0      	odd                      	704
2050  	1721.0      	quzer                    	1156
2051  	1721.0      	GBAWA                    	409
2052  	1719.0      	龍龍想你了          	160
2053  	1718.0      	佤熙紫                	176
2054  	1696.0      	lan666                   	240
2055  	1691.0      	初阳                   	48
2056  	1681.0      	雅屁                   	2024
2057  	1679.0      	TNTzhakiller             	96
2058  	1675.0      	紫魔狐                	1227
2059  	1673.0      	夜幕遮星             	336
2060  	1664.0      	CregChain                	160
2061  	1656.0      	风语                   	368
2062  	1656.0      	nanuo3331                	16
2063  	1651.0      	Falcao                   	488
2064  	1634.0      	刘十三                	1824
2065  	1614.0      	休息1下玩1会        	1832
2066  	1600.0      	Weldony                  	16
2067  	1597.0      	余歌                   	2024
2068  	1593.0      	灰色轨迹             	48
2069  	1582.0      	知不可乎             	416
2070  	1578.0      	Charlotte                	1552
2071  	1546.0      	W凌焱                  	592
2072  	1508.0      	gadfly0512               	224
2073  	1489.0      	孟丽莉                	1250
2074  	1471.0      	秋玲                   	4128
2075  	1461.0      	t2004                    	2340
2076  	1422.0      	长风                   	3028
2077  	1422.0      	nsbs                     	592
2078  	1370.0      	悲秋客                	516
2079  	1233.0      	管家婆                	224
2080  	1119.0      	大哥大的小弟       	708
