======================================
Ranking by: stats.avg_starting_shanten
Generated at: 2026-01-09 00:23:58
Total players: 1934
======================================

Rank  	Value       	Player Name              	Rounds
------------------------------------------------------------
1     	4.375       	吃货小飞飞          	16
2     	4.3125      	百合123                	16
3     	4.3125      	srj                      	16
4     	4.28125     	Jesse                    	32
5     	4.25        	阿橘ovo                	16
6     	4.1875      	洛心颜                	16
7     	4.1875      	tlr                      	16
8     	4.1875      	shapaozi                 	16
9     	4.1875      	Enmity                   	16
10    	4.125       	欣er1                   	16
11    	4.125       	橘子111                	16
12    	4.125       	minji                    	16
13    	4.125       	Xx33272                  	16
14    	4.125       	Lemo                     	16
15    	4.09375     	CVB123                   	32
16    	4.0625      	湖惑                   	16
17    	4.0625      	孤高の撃墜王       	16
18    	4.0625      	国标咸菜             	16
19    	4.0625      	zaqcxy                   	16
20    	4.0625      	flw                      	16
21    	4.0625      	ck053                    	16
22    	4.0625      	TinkerBell               	16
23    	4.0625      	MasterSun                	16
24    	4.0625      	Kitaura                  	32
25    	4.03125     	CHAGA99                  	32
26    	4.020833333333333	wqy                      	48
27    	4.0         	自古以来             	16
28    	4.0         	狼                      	48
29    	4.0         	牢C                     	16
30    	4.0         	止匕小幺             	32
31    	4.0         	检查绝张             	16
32    	4.0         	无番胡连六          	16
33    	4.0         	幽幽不玩游戏       	11
34    	4.0         	咕咕咕咕法法       	16
35    	4.0         	叁壹                   	16
36    	4.0         	南风月明             	16
37    	4.0         	linkmoon                 	24
38    	4.0         	ZJU国标分队2         	16
39    	4.0         	Tin仔                   	32
40    	4.0         	Hrl258                   	16
41    	3.9875      	Entelecheia              	80
42    	3.96875     	阿久津翔太          	32
43    	3.96875     	超收敛模形式       	32
44    	3.96875     	春田太太             	32
45    	3.96875     	小任好运来          	32
46    	3.96875     	天清一色             	32
47    	3.9583333333333335	糕手                   	48
48    	3.9583333333333335	大年糕                	48
49    	3.9375      	胡伊卓                	16
50    	3.9375      	米夜                   	64
51    	3.9375      	琦玉                   	16
52    	3.9375      	流觞                   	32
53    	3.9375      	池州老赵             	16
54    	3.9375      	昵称                   	16
55    	3.9375      	是大侠吖             	16
56    	3.9375      	意凉                   	16
57    	3.9375      	常陆茉子             	16
58    	3.9375      	小林                   	16
59    	3.9375      	天河                   	32
60    	3.9375      	夏日浪漫星辰       	16
61    	3.9375      	喜欢和小三元       	16
62    	3.9375      	名字不重要          	16
63    	3.9375      	叽噜咕噜叽喽       	32
64    	3.9375      	卡夫卡卡摔          	16
65    	3.9375      	何文文大人          	16
66    	3.9375      	abi                      	16
67    	3.9375      	TenyZ                    	16
68    	3.9375      	TMT                      	16
69    	3.9375      	IO                       	16
70    	3.9375      	Forenal                  	16
71    	3.925       	Lorvain                  	80
72    	3.9166666666666665	黎子糕                	48
73    	3.9166666666666665	蒹葭                   	96
74    	3.9166666666666665	LZN                      	48
75    	3.9125      	Ttocgnef                 	80
76    	3.90625     	居居                   	32
77    	3.90625     	小张同学2            	32
78    	3.90625     	dama王                  	32
79    	3.90625     	CHAGAJencese             	32
80    	3.90625     	Appr2025                 	32
81    	3.8958333333333335	萌新小雷             	96
82    	3.8958333333333335	symbol                   	48
83    	3.8958333333333335	MrLiu                    	48
84    	3.8875      	源千鹤                	80
85    	3.8875      	六百六十六          	80
86    	3.8854166666666665	白纯里绪             	96
87    	3.875       	鹿鹿                   	16
88    	3.875       	风雨两重天          	48
89    	3.875       	这是一个小号       	16
90    	3.875       	超级错和王          	16
91    	3.875       	诸葛长青             	16
92    	3.875       	西楚霸王某某       	64
93    	3.875       	自动点炮机          	48
94    	3.875       	眠灯入门             	40
95    	3.875       	楚天危楼独倚       	16
96    	3.875       	本智                   	32
97    	3.875       	撒点小孜然          	16
98    	3.875       	打国标第一天       	72
99    	3.875       	才久                   	16
100   	3.875       	小霸王团子          	32
101   	3.875       	小邓                   	16
102   	3.875       	初阳                   	48
103   	3.875       	冷欺花                	16
104   	3.875       	信教的coke            	24
105   	3.875       	人木自心             	16
106   	3.875       	乾澜                   	16
107   	3.875       	三倍滿自動姬       	16
108   	3.875       	xiaokiss                 	16
109   	3.875       	xianxin                  	16
110   	3.875       	wardell                  	48
111   	3.875       	lwyshawn                 	16
112   	3.875       	ghz的打手             	16
113   	3.875       	Yawncat                  	16
114   	3.875       	WeakBot2                 	72
115   	3.875       	V0Ghost                  	16
116   	3.875       	Neam                     	8
117   	3.875       	Monophenol               	16
118   	3.875       	Middag                   	96
119   	3.875       	Kevin                    	16
120   	3.875       	Darker                   	80
121   	3.8660714285714284	辅辅                   	112
122   	3.8625      	千叶流心             	80
123   	3.8625      	GRandom                  	160
124   	3.860576923076923	GyroZeppeli              	208
125   	3.859375    	blueboat                 	64
126   	3.859375    	RimanC                   	64
127   	3.857142857142857	封语                   	112
128   	3.8541666666666665	木之心                	48
129   	3.8541666666666665	数据终端             	48
130   	3.8541666666666665	忆相逢连六          	48
131   	3.8541666666666665	THRIVE                   	48
132   	3.8541666666666665	MarioYio                 	48
133   	3.8529411764705883	东东麻                	68
134   	3.8515625   	gadfly0512               	128
135   	3.8509615384615383	qwqaq                    	208
136   	3.85        	嗯不好不可以       	20
137   	3.847826086956522	Miyanaga                 	92
138   	3.84375     	茉莉鲨                	32
139   	3.84375     	百里                   	32
140   	3.84375     	牌搭子                	32
141   	3.84375     	冰川纱夜             	32
142   	3.84375     	xlfd                     	32
143   	3.84375     	hawaii                   	32
144   	3.84375     	guo707                   	64
145   	3.84375     	Lily0818                 	32
146   	3.840909090909091	决绝玦                	88
147   	3.8375      	rapid                    	80
148   	3.8359375   	小傻子                	128
149   	3.835227272727273	三只大土鳖          	176
150   	3.8333333333333335	茜空                   	96
151   	3.8333333333333335	十二归一七对       	48
152   	3.8333333333333335	suzuya                   	48
153   	3.8333333333333335	awei                     	48
154   	3.8333333333333335	Ryzen                    	84
155   	3.8333333333333335	Jamesqin                 	48
156   	3.8333333333333335	Alphabeb                 	96
157   	3.828125    	椢床萧寒             	64
158   	3.8260869565217392	Ghost                    	46
159   	3.825       	羽之野                	80
160   	3.8241758241758244	国标小唐             	91
161   	3.8238636363636362	全大风风             	176
162   	3.8229166666666665	我爱看评论          	96
163   	3.8190789473684212	小熊                   	304
164   	3.81875     	花顺双抽             	160
165   	3.8177083333333335	送分达人             	192
166   	3.8125      	黄英似蛭             	16
167   	3.8125      	闪电                   	16
168   	3.8125      	蒲原智美             	16
169   	3.8125      	草莓                   	128
170   	3.8125      	籉譱䝁                	16
171   	3.8125      	科大                   	112
172   	3.8125      	白鳥汐音             	16
173   	3.8125      	桔梗                   	32
174   	3.8125      	枫野                   	16
175   	3.8125      	木叶                   	16
176   	3.8125      	朋也                   	32
177   	3.8125      	日鳴                   	32
178   	3.8125      	天然法师             	16
179   	3.8125      	喵喵麦当当          	16
180   	3.8125      	咕咕咕1               	96
181   	3.8125      	吱吱sama               	64
182   	3.8125      	只和三步高          	112
183   	3.8125      	内部号                	32
184   	3.8125      	兮苡灬城悾          	16
185   	3.8125      	光睿                   	16
186   	3.8125      	不破爱花             	16
187   	3.8125      	一蓑烟雨             	64
188   	3.8125      	x5y6                     	16
189   	3.8125      	kjd                      	288
190   	3.8125      	kiriha                   	48
191   	3.8125      	Shangbeiya               	16
192   	3.8125      	SDU麻雀                	176
193   	3.8125      	Rain                     	32
194   	3.8125      	PlanB                    	192
195   	3.8125      	Pius                     	16
196   	3.8125      	Nemesis                  	64
197   	3.8125      	Minato                   	16
198   	3.8125      	LuckyGame                	32
199   	3.8072916666666665	北条沙都子          	192
200   	3.8072916666666665	Simon919                 	192
201   	3.8046875   	九九ya                 	256
202   	3.8046875   	Mercy                    	128
203   	3.8035714285714284	小白ali                	224
204   	3.8028846153846154	卿湫                   	208
205   	3.8020833333333335	御无双                	96
206   	3.8020833333333335	墨色清涟池          	96
207   	3.8020833333333335	Ramoynd                  	96
208   	3.8         	国标良辰加油       	80
209   	3.798611111111111	gggmouseee               	288
210   	3.796875    	听牌即立             	64
211   	3.794642857142857	风林舞破             	112
212   	3.7916666666666665	玄黄q                  	96
213   	3.7916666666666665	幻尘                   	240
214   	3.7916666666666665	lynchblax84              	48
215   	3.7905405405405403	OFDM调制解调         	148
216   	3.7890625   	青岛浪速小梁       	256
217   	3.7875      	缄默德克萨斯       	80
218   	3.7875      	红酒味汽水          	160
219   	3.7875      	第二片天             	80
220   	3.7875      	柒分                   	80
221   	3.7875      	三暗刻刻刻          	80
222   	3.78525641025641	NaOH                     	312
223   	3.784090909090909	qima                     	176
224   	3.784090909090909	ofor                     	88
225   	3.78125     	熊哥                   	32
226   	3.78125     	呜喵喵喵恒          	64
227   	3.78125     	biu                      	96
228   	3.78125     	StaticFish               	160
229   	3.778125    	十鬼蛇沃玛          	320
230   	3.7767857142857144	河提                   	112
231   	3.7767857142857144	帽帽                   	112
232   	3.7761394101876675	平宫杏奈             	746
233   	3.775       	電腦                   	80
234   	3.775       	开一不心的          	320
235   	3.775       	大哥大的小弟       	400
236   	3.7734375   	伪随机                	128
237   	3.7708333333333335	蔓蔓蔓蔓蔓蔓       	48
238   	3.7708333333333335	臭象                   	96
239   	3.7708333333333335	理论魔术师          	48
240   	3.7708333333333335	根号88                 	96
241   	3.7708333333333335	八云紫幽幽子       	528
242   	3.7708333333333335	克己小75              	48
243   	3.7708333333333335	仔恒                   	48
244   	3.7708333333333335	一叶知秋             	48
245   	3.7708333333333335	ohmymy                   	96
246   	3.767857142857143	深海大菠萝          	112
247   	3.765625    	羡鱼                   	192
248   	3.765625    	欧鳇要下头          	128
249   	3.765625    	技零运十             	256
250   	3.765625    	庄寒雁                	64
251   	3.765625    	不求人                	64
252   	3.765625    	SfArccos                 	128
253   	3.7653061224489797	凉风                   	98
254   	3.764705882352941	emo                      	272
255   	3.764423076923077	知不可乎             	416
256   	3.763888888888889	求求人                	144
257   	3.763392857142857	YK712                    	224
258   	3.7625      	璀璨猎户座          	160
259   	3.7625      	圣堂萌新0v0          	80
260   	3.76171875  	傻逼克高手          	256
261   	3.761627906976744	伽罗妹妹             	516
262   	3.761467889908257	晚终                   	109
263   	3.7604166666666665	TNTzhakiller             	96
264   	3.7604166666666665	Silence                  	384
265   	3.7589285714285716	苝风肃霄             	112
266   	3.7589285714285716	Alola                    	224
267   	3.7583333333333333	球1234                  	120
268   	3.7583333333333333	TedZhu                   	480
269   	3.7583333333333333	ExplodedCT               	240
270   	3.7578125   	Fayehe                   	128
271   	3.757758620689655	时尚                   	1160
272   	3.7562076749435667	番茄不能炒蛋       	443
273   	3.7560975609756095	月与星空             	82
274   	3.7556818181818183	林中及时雨          	176
275   	3.7556818181818183	FanYan                   	176
276   	3.7552083333333335	超硬大七星          	192
277   	3.7540983606557377	方片杰克             	244
278   	3.75390625  	闻雀                   	256
279   	3.75390625  	M16A1                    	512
280   	3.752232142857143	angu                     	448
281   	3.75        	陈亚轩                	48
282   	3.75        	长崎爱爱音          	64
283   	3.75        	遠坂見月             	64
284   	3.75        	追星逐风             	128
285   	3.75        	路辺三條             	32
286   	3.75        	萌薪996                	16
287   	3.75        	萌新大土松          	80
288   	3.75        	花散峪山人考       	16
289   	3.75        	纪清欢                	32
290   	3.75        	神里绫华             	32
291   	3.75        	白晓异                	16
292   	3.75        	甜橙                   	16
293   	3.75        	漳州Cody               	64
294   	3.75        	渣男饼干             	80
295   	3.75        	海之蓝                	64
296   	3.75        	流浪月光             	16
297   	3.75        	流子                   	16
298   	3.75        	洋Cc                    	80
299   	3.75        	正气明凝             	64
300   	3.75        	檐下风铃             	160
301   	3.75        	是小天才耶          	80
302   	3.75        	我最逍遥             	64
303   	3.75        	廃棄物                	16
304   	3.75        	小凯凯                	64
305   	3.75        	宗门天骄             	128
306   	3.75        	孤独与saki            	16
307   	3.75        	天北                   	32
308   	3.75        	大话王                	48
309   	3.75        	大苏打                	80
310   	3.75        	哼哼总                	16
311   	3.75        	周周                   	32
312   	3.75        	吃了再日             	288
313   	3.75        	叶凡                   	16
314   	3.75        	只道是寻常          	16
315   	3.75        	叨叨                   	48
316   	3.75        	冥小喵                	32
317   	3.75        	上亿小弟             	16
318   	3.75        	七七yaa                	112
319   	3.75        	znev                     	64
320   	3.75        	stonemason               	64
321   	3.75        	sauluo                   	16
322   	3.75        	rainhard                 	16
323   	3.75        	kaorukoL0Ve              	16
324   	3.75        	jtnmsl                   	16
325   	3.75        	eco                      	16
326   	3.75        	cos是我的神          	16
327   	3.75        	ad2                      	16
328   	3.75        	Shawn                    	32
329   	3.75        	Muigi                    	48
330   	3.75        	Kay1212                  	48
331   	3.75        	Irkalla                  	32
332   	3.75        	FelixCs                  	16
333   	3.75        	Esx                      	32
334   	3.75        	Eevee                    	16
335   	3.75        	Chauvet                  	32
336   	3.75        	CHAGA120                 	80
337   	3.75        	Bourbon                  	96
338   	3.75        	ALF                      	16
339   	3.7485714285714287	麦麦                   	700
340   	3.746875    	金瓜皮子             	320
341   	3.7463235294117645	妙也                   	272
342   	3.74609375  	hamburger                	256
343   	3.74609375  	LogY                     	256
344   	3.745833333333333	南法信法南          	240
345   	3.745222929936306	鸡肉拉伤             	157
346   	3.7449324324324325	nsbs                     	592
347   	3.7447916666666665	破游全是bug          	192
348   	3.7447916666666665	杜衡                   	192
349   	3.7444444444444445	土豆豆鸭             	540
350   	3.7443181818181817	塔菲                   	176
351   	3.743951612903226	ftedh                    	496
352   	3.74375     	风语                   	160
353   	3.74375     	肉布斯                	160
354   	3.74375     	煜神                   	160
355   	3.74375     	JerryK                   	160
356   	3.7431059506531206	星间梦影             	689
357   	3.742248062015504	悲秋客                	516
358   	3.7421875   	笔锋微凉             	256
359   	3.7416666666666667	月明天朗             	240
360   	3.7416666666666667	littleWeber              	240
361   	3.7410714285714284	沉江月                	112
362   	3.7410714285714284	ATTACKER75               	224
363   	3.740831295843521	GBAWA                    	409
364   	3.7395833333333335	無番和自摸          	96
365   	3.7395833333333335	次方                   	96
366   	3.7395833333333335	linkenwu                 	96
367   	3.738970588235294	牌手                   	272
368   	3.7381864623243932	陈光耀cgy             	783
369   	3.737649063032368	洛天依                	587
370   	3.7375      	琉璃宇宙             	160
371   	3.7375      	桃子                   	160
372   	3.7375      	无有之间             	80
373   	3.7375      	小天                   	80
374   	3.7375      	GlassRod                 	80
375   	3.736842105263158	啊我是谁             	304
376   	3.736607142857143	笨笨                   	224
377   	3.736111111111111	逃课的安             	576
378   	3.7354166666666666	风灵                   	480
379   	3.7351973684210527	聆风秋邻             	608
380   	3.7351891506067094	Krtecek                  	1401
381   	3.7351778656126484	勘察加                	253
382   	3.734771573604061	海                      	788
383   	3.734375    	晚晴                   	64
384   	3.734375    	无言清澈之风       	64
385   	3.734375    	婉兮                   	64
386   	3.734375    	cccccc                   	576
387   	3.734375    	Xiaopp                   	64
388   	3.734375    	Cast27                   	320
389   	3.7338709677419355	吾愿汝                	496
390   	3.7335526315789473	足立レイ             	304
391   	3.733502538071066	圣文神武             	394
392   	3.7333965844402277	我是战神             	2108
393   	3.7330246913580245	大货车斯马托       	648
394   	3.7329545454545454	算符                   	176
395   	3.7329545454545454	artemis                  	176
396   	3.7326612903225804	元原园神             	2480
397   	3.732142857142857	馆长长长长长       	112
398   	3.732142857142857	天唉唉                	112
399   	3.732142857142857	博博                   	672
400   	3.7317708333333335	Marygold1                	384
401   	3.73125     	落青                   	160
402   	3.7309322033898304	vicky                    	944
403   	3.730769230769231	管家婆                	208
404   	3.730769230769231	洋山芋炒咸鱼       	208
405   	3.730337078651685	麻将预防痴呆       	356
406   	3.729651162790698	下一张牌自摸       	344
407   	3.7291666666666665	追寻                   	48
408   	3.7291666666666665	蜗牛                   	48
409   	3.7291666666666665	白晴                   	96
410   	3.7291666666666665	源代码                	48
411   	3.7291666666666665	启丶沉卑             	528
412   	3.7291666666666665	凤梨酥xxx             	96
413   	3.7291666666666665	gggluggg                 	144
414   	3.7283464566929134	朱克斯                	254
415   	3.728125    	Hongstone                	320
416   	3.7279411764705883	作业                   	272
417   	3.7276785714285716	liqiu                    	224
418   	3.7273972602739724	HyZha                    	1460
419   	3.7271214642262893	拓                      	601
420   	3.7268518518518516	luocl                    	216
421   	3.7265625   	潮汐獵人             	128
422   	3.7265625   	otssmyha                 	128
423   	3.7265625   	Chadvent                 	256
424   	3.7255244755244754	狂吃狂日             	1144
425   	3.7254464285714284	小香茶                	448
426   	3.725       	竹井久                	80
427   	3.725       	白龙小熊             	80
428   	3.725       	橙                      	80
429   	3.725       	mortal                   	80
430   	3.7248677248677247	林嘿嘿2号            	945
431   	3.7232142857142856	静巧                   	112
432   	3.7232142857142856	软趴趴                	112
433   	3.7232142857142856	昏睡猫投降喵       	448
434   	3.7232142857142856	御无双青猫          	112
435   	3.7232142857142856	寿命流雀士          	672
436   	3.7232142857142856	Voyager1969              	112
437   	3.7229326513213983	音律                   	1173
438   	3.72265625  	h0081324                 	256
439   	3.7226173541963017	萌新大脸橘          	703
440   	3.722560975609756	lakeside                 	2624
441   	3.7222222222222223	石井一马             	144
442   	3.7222222222222223	VvV不会金八          	288
443   	3.721875    	ZJLee                    	320
444   	3.721590909090909	sugawara                 	176
445   	3.7213983050847457	ChaosDon                 	944
446   	3.7211538461538463	天使的浦             	624
447   	3.720996038483305	佟佟家                	1767
448   	3.7209302325581395	Felix                    	344
449   	3.720833333333333	提纳里                	240
450   	3.7205882352941178	超级七对怪          	272
451   	3.7205882352941178	M81                      	136
452   	3.7203947368421053	AmaneCh                  	304
453   	3.7199424046076315	过油肉拉面          	1389
454   	3.719311377245509	WAduck                   	1336
455   	3.7192307692307693	阿升                   	520
456   	3.7192028985507246	逆光w                  	1104
457   	3.71875     	闲月                   	32
458   	3.71875     	迷途                   	64
459   	3.71875     	说说                   	32
460   	3.71875     	诚                      	64
461   	3.71875     	見えない             	32
462   	3.71875     	蜡笔小帅             	64
463   	3.71875     	自然醒                	192
464   	3.71875     	绿豆龙                	1088
465   	3.71875     	秋名山丘比          	32
466   	3.71875     	爱喝水的思          	96
467   	3.71875     	植物人                	64
468   	3.71875     	望月穗波             	160
469   	3.71875     	晨昏对峙             	32
470   	3.71875     	早哥                   	448
471   	3.71875     	徐北                   	32
472   	3.71875     	好想线下国标       	32
473   	3.71875     	吱吱                   	32
474   	3.71875     	五河かがく          	32
475   	3.71875     	ok小子                 	32
476   	3.71875     	big7long8                	128
477   	3.718283582089552	深的蓝                	1072
478   	3.7181818181818183	小虫鼬                	880
479   	3.7179878048780486	榕一                   	656
480   	3.7178030303030303	渋勍                   	528
481   	3.7177304964539006	梦幻情怀             	705
482   	3.7175      	玖月玖                	400
483   	3.717206132879046	Chaojisamoye             	587
484   	3.716779279279279	元喜莲                	1776
485   	3.7162162162162162	Colanya                  	148
486   	3.715909090909091	QryanQ                   	176
487   	3.715909090909091	N519                     	528
488   	3.7157738095238093	voncast                  	672
489   	3.7152777777777777	工藤新一             	288
490   	3.71484375  	qzgg                     	256
491   	3.714673913043478	樱小路                	736
492   	3.714673913043478	小柒                   	368
493   	3.7142857142857144	chen                     	560
494   	3.7142857142857144	StevenCai                	637
495   	3.7135416666666665	dz                       	192
496   	3.7135416666666665	Seven                    	192
497   	3.7134831460674156	余光                   	1068
498   	3.7134146341463414	雪豹                   	656
499   	3.713397790055249	TYS                      	1448
500   	3.713375796178344	月出星河             	628
501   	3.7133520074696547	车皇告别日麻       	1071
502   	3.713235294117647	tempestkou               	136
503   	3.712962962962963	张麻子                	216
504   	3.7128378378378377	yayoi                    	592
505   	3.7126024590163933	后来                   	1952
506   	3.7125      	黑沢口关             	80
507   	3.7125      	马砻                   	240
508   	3.7125      	葡萄汁                	80
509   	3.7125      	山楂9                  	80
510   	3.7125      	EndlesS                  	80
511   	3.712121212121212	CHAGA31415               	528
512   	3.7114624505928853	雅屁                   	2024
513   	3.711231884057971	lidai                    	2760
514   	3.7111111111111112	幻雪                   	495
515   	3.7110849056603774	落殇                   	848
516   	3.7109375   	yoda                     	128
517   	3.710714285714286	伯德                   	280
518   	3.7106481481481484	威震逍遥津          	864
519   	3.710526315789474	美人就是美          	456
520   	3.710100231303007	泡哥                   	2594
521   	3.7100840336134455	平和                   	476
522   	3.7098930481283423	氟磺酸镍             	748
523   	3.7098214285714284	四四子                	224
524   	3.709722222222222	Imple                    	720
525   	3.709696261682243	哎呦我去             	1712
526   	3.7094155844155843	絲絲                   	1232
527   	3.709375    	点炮防自摸          	320
528   	3.709375    	新手村村民          	320
529   	3.7091396248883597	流沙                   	3359
530   	3.708791208791209	念起觉迟             	1456
531   	3.7084249084249086	陈杨飞雅             	1365
532   	3.7083333333333335	英格兰巫师          	144
533   	3.7083333333333335	英子刘梓鑫          	48
534   	3.7083333333333335	相约四季             	576
535   	3.7083333333333335	孤影                   	48
536   	3.7083333333333335	天地不照             	168
537   	3.7083333333333335	四月墨封             	48
538   	3.7083333333333335	yuanzi                   	48
539   	3.7083333333333335	Tony                     	48
540   	3.708150744960561	渼酒                   	1141
541   	3.7080903790087465	蚀叁夭                	2744
542   	3.7072368421052633	宗云先生             	304
543   	3.70703125  	大米                   	256
544   	3.706896551724138	我叫叶荣添          	174
545   	3.706730769230769	Yu                       	208
546   	3.706730769230769	Helen                    	208
547   	3.706629055007052	帆夜                   	709
548   	3.70625     	格喵不是巫师       	160
549   	3.70625     	reswa1                   	320
550   	3.7058823529411766	落夏                   	272
551   	3.7056297709923665	一碗小甜粥          	2096
552   	3.7053646269907796	尾翼                   	2386
553   	3.705357142857143	間奏0721秒            	112
554   	3.705357142857143	百千万                	112
555   	3.705357142857143	cslp                     	224
556   	3.705357142857143	Qaitq                    	112
557   	3.705       	只打CHAGA              	400
558   	3.704861111111111	老张                   	288
559   	3.704861111111111	桂雏菊                	288
560   	3.7047697368421053	Tetriseffect             	1216
561   	3.704483695652174	梅梅梅梅             	1472
562   	3.704081632653061	在原七海             	196
563   	3.704044117647059	W凌焱                  	544
564   	3.704044117647059	Restist                  	544
565   	3.7039473684210527	SCM7716                  	304
566   	3.7037037037037037	椎名真白             	567
567   	3.7036290322580645	沧九                   	496
568   	3.7035024154589373	薄荷犬                	3312
569   	3.703256936067551	icrua0alskjs             	829
570   	3.703125    	记忆里的炎夏       	64
571   	3.703125    	碰碰胡幺九刻       	64
572   	3.703125    	payphone121              	64
573   	3.703125    	TT55                     	448
574   	3.703125    	INFP                     	64
575   	3.703125    	Adrian105                	64
576   	3.703047201752639	看雪飘过             	5021
577   	3.702777777777778	Nekkoya                  	720
578   	3.702651515151515	熵减                   	528
579   	3.7023809523809526	慕容彰                	84
580   	3.7023026315789473	桀桀子                	608
581   	3.7023026315789473	cx遇恒                 	608
582   	3.7022274325908557	小熊摊手             	853
583   	3.701923076923077	乙二胺四乙酸       	416
584   	3.701388888888889	丝瓜                   	288
585   	3.7013274336283186	spmagic                  	452
586   	3.701230228471002	亲亲要乐奈          	569
587   	3.701219512195122	SEiYA                    	328
588   	3.700892857142857	报复社会             	448
589   	3.700892857142857	一色儿                	224
590   	3.7008797653958942	月黑风高夜          	341
591   	3.700877527661198	卡卡                   	2621
592   	3.7005494505494507	Aimp                     	728
593   	3.7004716981132075	二d                     	848
594   	3.700229709035222	举个栗子             	2612
595   	3.7         	浅                      	160
596   	3.7         	吴下阿蒙             	80
597   	3.7         	东云绘名             	80
598   	3.7         	Magallan                 	240
599   	3.6995495495495496	lhwayne                  	4440
600   	3.699468085106383	我是时光啊          	376
601   	3.699404761904762	热辣小妈             	336
602   	3.699127906976744	中島由貴             	688
603   	3.699074074074074	天                      	432
604   	3.699074074074074	九莲老登             	432
605   	3.6990291262135924	老馋                   	309
606   	3.6990131578947367	缥缈qwq                	608
607   	3.6989942528735633	李风乐                	1392
608   	3.6988636363636362	真名不好取          	176
609   	3.6988636363636362	数错番紫乌龟       	176
610   	3.698848238482385	低级泰坦             	2952
611   	3.6988005330964016	伯约                   	2251
612   	3.6986607142857144	矮胖诗客ll           	448
613   	3.698529411764706	pyy                      	272
614   	3.6982808022922637	一只柠檬             	3490
615   	3.6980088495575223	zdd                      	904
616   	3.6979166666666665	相川まりえ          	1248
617   	3.6979166666666665	橙留香                	384
618   	3.6979166666666665	彩色塑料星          	288
619   	3.6979166666666665	凛风寒梅             	96
620   	3.6979166666666665	fyiak                    	192
621   	3.6979166666666665	CKLm                     	96
622   	3.6975      	Yusaki                   	1200
623   	3.6971830985915495	白开心                	852
624   	3.6971153846153846	雏步                   	208
625   	3.6971153846153846	猫记饭团             	208
626   	3.697045359966708	耳朵老师             	2403
627   	3.6970108695652173	星月9996               	736
628   	3.6970108695652173	Ch1ak1                   	736
629   	3.696969696969697	ZJU国标分队3         	132
630   	3.6965550940630343	龙lwf                   	4093
631   	3.6964285714285716	玖骍                   	112
632   	3.6964285714285716	山不言                	336
633   	3.6964285714285716	宫村宫子             	336
634   	3.6964285714285716	rzddmx1                  	112
635   	3.6964285714285716	dorie                    	336
636   	3.6964285714285716	AvaMax                   	336
637   	3.6961707470182046	封兽鵺                	1593
638   	3.6960705693664795	冰印神座             	1247
639   	3.696035242290749	二策                   	908
640   	3.695945945945946	泷泽和典             	296
641   	3.6958333333333333	trane                    	960
642   	3.695675105485232	zerozeng                 	3792
643   	3.6956521739130435	放浪雀士             	2392
644   	3.6955958549222796	四方雀者             	772
645   	3.6954545454545453	bonbujour                	880
646   	3.6953125   	璃月雾社             	256
647   	3.6952041220768925	WR                       	2523
648   	3.6950549450549453	beyond葬送             	728
649   	3.694915254237288	浮生小朋友          	1888
650   	3.694736842105263	北北                   	95
651   	3.6947115384615383	L香味                  	416
652   	3.6944444444444446	王大星                	288
653   	3.6944444444444446	Rich                     	144
654   	3.694201084689195	Randy                    	2397
655   	3.6940789473684212	YC大人                 	304
656   	3.6940366972477063	t2004                    	2180
657   	3.6940298507462686	台风                   	1340
658   	3.693793103448276	日月星辰帅哥       	725
659   	3.69375     	根派                   	160
660   	3.693563432835821	hong                     	2144
661   	3.693453304374806	十八线玩家          	3223
662   	3.6934156378600824	PetrCech                 	972
663   	3.6934082779764945	东方雁                	1957
664   	3.6931818181818183	神里绫人             	352
665   	3.6931818181818183	桜坂逢里             	352
666   	3.693076923076923	homasWSC                 	1300
667   	3.6930379746835444	欧宸羽                	1264
668   	3.693014705882353	神奇的飞菊          	544
669   	3.693014705882353	岚兰                   	2720
670   	3.6929878048780487	未济                   	3280
671   	3.692982456140351	青椒                   	684
672   	3.692934782608696	杠开三条             	368
673   	3.6927723390960216	门清一摸五          	4801
674   	3.6927710843373496	空想少女             	1660
675   	3.692753623188406	Reisen                   	345
676   	3.6927083333333335	peipei                   	192
677   	3.6926782273603083	韦一笑                	6228
678   	3.6925335570469797	贰山山                	2384
679   	3.6925125776857057	雨萌小小酱          	3379
680   	3.6924019607843137	漆黑似夜             	2448
681   	3.6923076923076925	插ga                    	52
682   	3.6923076923076925	三饼发牌姬          	312
683   	3.6923076923076925	TTz                      	208
684   	3.6922642574816487	lxl0319                  	1771
685   	3.691983122362869	捌萬                   	237
686   	3.6919642857142856	蜘蛛                   	672
687   	3.6919642857142856	sss                      	224
688   	3.6919642857142856	citrus                   	224
689   	3.691885964912281	秋玲                   	3648
690   	3.6917227259432583	lagrange1013             	3419
691   	3.691571328508055	小老毕                	4283
692   	3.6915584415584415	柳梦璃                	1232
693   	3.69140625  	令狐封                	256
694   	3.6912991656734206	细呷温酒6708         	839
695   	3.6911764705882355	手不离管             	272
696   	3.6909722222222223	苹果派                	288
697   	3.6906370656370657	水墨                   	4144
698   	3.6904761904761907	qsw2025                  	336
699   	3.6904761904761907	YstarXing                	462
700   	3.6902173913043477	MINT                     	552
701   	3.690068930303804	山丹丹开花          	3917
702   	3.69        	油泵                   	400
703   	3.689992475545523	永清                   	1329
704   	3.6899563318777293	发牌姬                	1374
705   	3.689732142857143	pedro                    	448
706   	3.689655172413793	弃月                   	203
707   	3.6894894894894894	火老弟                	1665
708   	3.6894736842105265	德之邻                	760
709   	3.6893719806763285	霸霸                   	4140
710   	3.6892605633802815	江海寄余生          	1136
711   	3.688842688842689	海狼李林             	2886
712   	3.6887616752033745	鸟苷三磷酸          	3319
713   	3.6887340301974447	萌新99成              	861
714   	3.6886428019572497	灯波月华             	3883
715   	3.6884541984732824	Innnnnfinity             	2096
716   	3.687893631910427	病娇灰姑娘          	1429
717   	3.687728937728938	火鸡                   	1092
718   	3.6876379690949226	星云                   	2718
719   	3.6875      	齐静春                	16
720   	3.6875      	黒い雨                	208
721   	3.6875      	雷雨霆                	1616
722   	3.6875      	镜影                   	416
723   	3.6875      	铅铱                   	16
724   	3.6875      	诈诈的胡             	32
725   	3.6875      	蓝岚                   	64
726   	3.6875      	蓝十                   	1024
727   	3.6875      	落影折桂             	32
728   	3.6875      	胜负师f               	16
729   	3.6875      	翎刻                   	640
730   	3.6875      	祥子大叔             	464
731   	3.6875      	瞻某人                	16
732   	3.6875      	白羊                   	16
733   	3.6875      	璃茉                   	192
734   	3.6875      	琳雨空                	928
735   	3.6875      	琉璃                   	240
736   	3.6875      	玖染                   	16
737   	3.6875      	海子哥                	80
738   	3.6875      	求道人                	48
739   	3.6875      	柒七                   	32
740   	3.6875      	枰                      	256
741   	3.6875      	朱雀                   	80
742   	3.6875      	晓白晓白晓          	16
743   	3.6875      	日暗地旱             	80
744   	3.6875      	日晕月华KBG          	176
745   	3.6875      	我勒个痛啊          	112
746   	3.6875      	我们的歌             	16
747   	3.6875      	彪哥                   	32
748   	3.6875      	小星星星君          	16
749   	3.6875      	小张同学3            	32
750   	3.6875      	宇笙                   	64
751   	3.6875      	妖妖果                	16
752   	3.6875      	塔利雅                	64
753   	3.6875      	嘉瑜之秋             	16
754   	3.6875      	嗯好可以行2         	32
755   	3.6875      	友相伴                	48
756   	3.6875      	加藤黄瓜             	32
757   	3.6875      	凑凑番                	144
758   	3.6875      	冰极风舞             	32
759   	3.6875      	典狱长                	304
760   	3.6875      	云淡风轻             	48
761   	3.6875      	东瓜帮主             	16
762   	3.6875      	zinv                     	64
763   	3.6875      	void337                  	16
764   	3.6875      	spoonzzzz                	16
765   	3.6875      	parrot                   	32
766   	3.6875      	nmleague                 	16
767   	3.6875      	nanuo3331                	16
768   	3.6875      	morgl                    	48
769   	3.6875      	kozend                   	32
770   	3.6875      	dmd                      	80
771   	3.6875      	cyy                      	32
772   	3.6875      	YOLO                     	2160
773   	3.6875      	SpireSleeps              	32
774   	3.6875      	PP大公主              	48
775   	3.6875      	Oscar                    	16
776   	3.6875      	Oracle                   	64
777   	3.6875      	MakiYu                   	32
778   	3.6875      	Kev1n                    	48
779   	3.6875      	Jayden1129               	16
780   	3.6875      	Imok                     	512
781   	3.6875      	C8H16O2                  	16
782   	3.6875      	AbbyKo                   	304
783   	3.6873584050747623	东西喵                	2207
784   	3.687323943661972	Buffon                   	4260
785   	3.6872964169381106	我是好人             	921
786   	3.686868686868687	鬼手大师兄          	2376
787   	3.6866776315789473	yyyyy                    	1216
788   	3.6866554054054053	仰望星空派          	1184
789   	3.686548223350254	萌新大肥猫          	1576
790   	3.6864837398373984	lusika                   	1968
791   	3.6864564007421152	羽未                   	539
792   	3.6864161849710984	Eric                     	2076
793   	3.6863636363636365	云                      	880
794   	3.6859756097560976	lifeline                 	656
795   	3.685810810810811	lingtong                 	592
796   	3.6857306809487373	三门齐                	5228
797   	3.6856368563685638	孟丽莉                	738
798   	3.6854619565217392	方方                   	1472
799   	3.685416666666667	旗客                   	480
800   	3.685344827586207	闪电云                	3248
801   	3.685185185185185	江鸟                   	432
802   	3.685185185185185	弧龍星                	1296
803   	3.68512     	浮光                   	6250
804   	3.6850921273031827	滚滚浪花             	597
805   	3.685       	Duke                     	1200
806   	3.6847826086956523	凑友顺那             	368
807   	3.6847426470588234	麓下kk                 	1088
808   	3.684659090909091	瓜瓜瓜宸             	352
809   	3.684541420118343	铃声末响             	2704
810   	3.684375    	外部号                	320
811   	3.684349593495935	陌猪猪                	4920
812   	3.6843354430379747	大王八                	1264
813   	3.6842672413793105	喵喵大笨蛋          	928
814   	3.6842105263157894	打雀青年             	304
815   	3.6842105263157894	zyl                      	304
816   	3.6840701219512195	二                      	2624
817   	3.6840277777777777	国标新手求教       	864
818   	3.683650031321779	连六                   	4789
819   	3.683526011560694	云出无心             	2076
820   	3.6834016393442623	WMWMWMWMWMWM             	976
821   	3.683333333333333	白茉晴                	240
822   	3.683333333333333	bdbw99                   	1440
823   	3.6830357142857144	依璐                   	224
824   	3.682926829268293	只胡小天凤          	492
825   	3.682882882882883	苏小弱                	555
826   	3.6828528072837634	神人                   	659
827   	3.6828243205379656	Bob                      	3569
828   	3.6826923076923075	海葉                   	208
829   	3.6826849733028224	臣服                   	1311
830   	3.6826446280991734	观自在                	1210
831   	3.682532751091703	绚彩蓝                	4580
832   	3.682471264367816	Kokutourio               	1392
833   	3.6822916666666665	清风明月             	192
834   	3.6822558459422283	frankie21                	2181
835   	3.682208852599914	青緺                   	4654
836   	3.6821120689655173	许清扬                	1856
837   	3.6819444444444445	心悦                   	1440
838   	3.6818181818181817	无机盐                	176
839   	3.681792638381568	周平                   	7118
840   	3.6817307692307693	全求人                	2080
841   	3.6813353566009104	烦了就打男人       	1318
842   	3.681327160493827	ubisoft                  	1296
843   	3.68125     	SansGotLazy              	160
844   	3.6812313803376364	紫电改二             	1007
845   	3.681179775280899	菲洛菲洛菲          	712
846   	3.6809889582333173	对酒当歌             	4166
847   	3.6809210526315788	莫莫柴                	304
848   	3.6809210526315788	xkfy                     	912
849   	3.680622009569378	王泥喜法介          	836
850   	3.6805555555555554	马庭芦花             	144
851   	3.6802721088435373	yulearning               	1617
852   	3.6801566579634466	追影                   	1532
853   	3.67973686488358	喵爹真不是咪       	11553
854   	3.6796875   	祖向格                	128
855   	3.679611650485437	王致和卤大鹅       	309
856   	3.67947247706422	ugly2333                 	3488
857   	3.6794453507340945	ysrs                     	2452
858   	3.67911877394636	quzer                    	1044
859   	3.6790123456790123	pisces                   	1944
860   	3.678779069767442	青花鱼尾             	2064
861   	3.678763440860215	八九边7               	1488
862   	3.67875     	圓點儿                	800
863   	3.6785714285714284	奈芙莲                	448
864   	3.678515625 	小蚊子                	2560
865   	3.678474114441417	alldxly                  	734
866   	3.6783333333333332	空白                   	1200
867   	3.678240740740741	宝宝                   	432
868   	3.6781832298136647	喜欢做大牌          	2576
869   	3.678125    	荔枝好吃             	320
870   	3.678125    	myy                      	320
871   	3.6780575539568345	qwe305836                	1112
872   	3.678030303030303	odd                      	528
873   	3.6778846153846154	青龙吟秋水          	832
874   	3.6778846153846154	CuO                      	208
875   	3.6778523489932886	拈牌一笑             	1341
876   	3.6777234636871508	灬                      	2864
877   	3.677710843373494	山前没相见          	2656
878   	3.677685950413223	AlFex                    	121
879   	3.677683246073298	酱油蛙                	3056
880   	3.6776315789473686	红叶                   	152
881   	3.6775568181818183	小犬卡西             	704
882   	3.6775510204081634	Iconoclastic             	490
883   	3.6770833333333335	钙热                   	288
884   	3.6770833333333335	手下马上送和       	96
885   	3.6770833333333335	巧思                   	96
886   	3.6770833333333335	チャガゼロ          	192
887   	3.6770833333333335	ferry                    	960
888   	3.6770833333333335	M7t11                    	96
889   	3.6770833333333335	Amazingkitty             	96
890   	3.6769911504424777	信噪比                	226
891   	3.6768756423432682	David                    	4865
892   	3.676829268292683	CatHikari                	328
893   	3.676826064109301	Zazaka                   	1903
894   	3.6766190682244337	Jencese                  	6933
895   	3.676546391752577	秀儿稳                	1552
896   	3.676470588235294	阿飞                   	272
897   	3.676192243458898	小笨鸟                	5389
898   	3.6761603375527425	sfsniper                 	948
899   	3.6761363636363638	浅葱狐冢             	176
900   	3.6761363636363638	ninaelle                 	176
901   	3.676047721015601	佰番shooter            	3269
902   	3.6759085480293465	修改昵称             	11722
903   	3.67578125  	雪梦可可豆          	1024
904   	3.67578125  	志明                   	256
905   	3.67578125  	幻浪                   	256
906   	3.67578125  	kabidesu                 	256
907   	3.6756487025948106	艳阳天                	1002
908   	3.6756352765321374	易北北                	4683
909   	3.675595238095238	滑稽是内鬼          	336
910   	3.675438596491228	雀神A01                	228
911   	3.675438596491228	游侠小卢             	1824
912   	3.6753472222222223	Masion                   	576
913   	3.675324675324675	xbh要修仙             	1232
914   	3.6752221125370186	和平                   	4052
915   	3.6750324534833405	歌彫                   	2311
916   	3.675       	郭橐驼                	80
917   	3.675       	浪子燕青1974         	80
918   	3.675       	早柚                   	80
919   	3.675       	捷尔                   	80
920   	3.675       	左彼篝思劝颊       	80
921   	3.675       	小柒zZ                 	240
922   	3.675       	小学生                	160
923   	3.675       	jzjbest                  	80
924   	3.675       	Tilams                   	80
925   	3.675       	Clay斯托瑟            	80
926   	3.675       	Attersee                 	320
927   	3.6748417721518987	Matter                   	1264
928   	3.6748071979434447	自摸8001600            	778
929   	3.6747839748625295	落英                   	2546
930   	3.6746031746031744	淡定哥                	252
931   	3.6745098039215685	萌新小笨鸟          	255
932   	3.6744186046511627	无关烟尘风月       	43
933   	3.6742957746478875	就想摸摸鱼          	1136
934   	3.674107142857143	显卡                   	448
935   	3.674107142857143	单机北北             	224
936   	3.674107142857143	rurukonod                	448
937   	3.6740331491712706	雀蛏                   	362
938   	3.6738738738738737	灰色天空             	2775
939   	3.6738636363636363	晴天                   	2640
940   	3.673611111111111	nima                     	144
941   	3.6734913793103448	LuckyTree                	3712
942   	3.673396017699115	桃蹊柳陌             	7232
943   	3.6732804232804233	番多多                	1512
944   	3.6732456140350878	Kuma                     	912
945   	3.6732438831886345	浓眉小眼             	7602
946   	3.6732046820626385	萌新大白獭          	3161
947   	3.6731296101159114	张张进张             	9490
948   	3.673076923076923	沐光重生             	208
949   	3.6728880157170924	农园蒸粥             	1018
950   	3.6728754365541327	萌新99                 	2577
951   	3.672872340425532	LapisYang                	752
952   	3.6726858877086497	三点水                	6590
953   	3.6725      	随随便便             	400
954   	3.6725      	紫翅                   	400
955   	3.6725      	初冬666                	400
956   	3.672403381642512	张丹丹                	3312
957   	3.6723577235772358	水色如烟             	2460
958   	3.6722560975609757	小流风                	656
959   	3.672243911507715	麻将小白             	5379
960   	3.6721014492753623	喵可莉                	1104
961   	3.671875    	赵秋雨                	320
962   	3.671875    	赖格宝                	320
963   	3.671875    	菠萝自闭了          	64
964   	3.671875    	壹玖陆and417          	64
965   	3.671875    	仁言否                	128
966   	3.671875    	云枫                   	64
967   	3.671875    	lan666                   	192
968   	3.671875    	HillLee97                	1344
969   	3.6718611337900677	CHAGA03                  	28171
970   	3.6718595450049456	盛年莫当             	4044
971   	3.671787709497207	Panda棒哒              	2864
972   	3.6714697406340058	青椒牛肚炒饭       	5205
973   	3.671401515151515	diaryw                   	1056
974   	3.6709302325581397	量子限域             	1720
975   	3.670926517571885	丰川祥子             	313
976   	3.670886075949367	Weldon                   	9322
977   	3.6705855232826186	天使的秤             	4338
978   	3.6705202312138727	新手二段里仑       	1211
979   	3.670424403183024	Anna                     	3016
980   	3.6703821656050954	四错和散了          	628
981   	3.6702317290552586	不知苦                	1122
982   	3.670138888888889	八番就好             	864
983   	3.670138888888889	ShovelKnight             	288
984   	3.6700819672131146	benzene                  	2928
985   	3.670020580836954	傻哥哥                	8746
986   	3.669758064516129	章无律                	2480
987   	3.6696787148594376	CHAGA06                  	996
988   	3.669642857142857	井川子虎             	112
989   	3.669642857142857	ssshamu                  	224
990   	3.669642857142857	YandereChan              	112
991   	3.6694711538461537	仓田真白             	1664
992   	3.6693756926486887	独钓                   	8121
993   	3.6693548387096775	pingan                   	496
994   	3.669326856349757	八九胡十万          	2882
995   	3.669318181818182	真心                   	2640
996   	3.6692285795616284	冰雪看看             	3513
997   	3.6692079034796294	CHAGA07                  	28595
998   	3.6691810344827585	牛黑奶白             	928
999   	3.6691176470588234	InvisibleP               	272
1000  	3.6691176470588234	Alismatika               	272
1001  	3.669096800324018	秋季                   	12345
1002  	3.669085631349782	小柚子                	4134
1003  	3.669051204819277	乌克兰                	2656
1004  	3.66897233201581	山浩然                	2024
1005  	3.668918918918919	梁森                   	296
1006  	3.668859649122807	快雪时晴             	912
1007  	3.668823529411765	虹村雪                	1700
1008  	3.66875     	杠上补花错和       	480
1009  	3.668595476065229	花毛                   	1901
1010  	3.668544194107452	Mo鱼                    	2308
1011  	3.668500687757909	飞刀                   	1454
1012  	3.6684782608695654	xixi                     	184
1013  	3.6684027777777777	矢来美羽             	576
1014  	3.6683291770573567	一起去前行          	3208
1015  	3.668269230769231	荆芥特好吃          	208
1016  	3.668269230769231	Kagami                   	208
1017  	3.668181818181818	阿亮                   	880
1018  	3.6680900621118013	cidocron                 	2576
1019  	3.668036385347522	CHAGA01                  	28473
1020  	3.667902899527984	东宫之主             	2966
1021  	3.6678994082840237	sdmt                     	1352
1022  	3.667827739075364	Candycane                	6316
1023  	3.6677740863787376	苍落                   	301
1024  	3.6677631578947367	pakake                   	304
1025  	3.6676860709078625	CHAGA02                  	28121
1026  	3.6675932276813112	CHAGA08                  	27701
1027  	3.6675718164927824	林嘿嘿3号            	6997
1028  	3.6673267326732675	fmu小木                	505
1029  	3.66722972972973	gbnewbie                 	592
1030  	3.6671566568668625	浪漫                   	4762
1031  	3.667151162790698	KNK                      	688
1032  	3.667119565217391	SSSFFF                   	2208
1033  	3.6670673076923075	麻哥                   	2496
1034  	3.667059748427673	越                      	2544
1035  	3.667034178610805	吕布                   	907
1036  	3.6669272869429244	只打八万             	3837
1037  	3.666899441340782	加贝勒                	2864
1038  	3.6666666666666665	路可王                	48
1039  	3.6666666666666665	猫南北                	96
1040  	3.6666666666666665	大七星                	72
1041  	3.6666666666666665	penguin                  	288
1042  	3.6666666666666665	Yu無礼                 	144
1043  	3.6666666666666665	Szdzs                    	1530
1044  	3.6666666666666665	ShooH                    	192
1045  	3.6666666666666665	MC宇宙RS               	132
1046  	3.6666091755777854	诈和天地人和       	5798
1047  	3.666597207751615	亦然                   	4799
1048  	3.666147253603428	老蒋专点13幺        	2567
1049  	3.665987460815047	往事随风             	6380
1050  	3.665983606557377	加油各位             	976
1051  	3.6658653846153846	去去                   	416
1052  	3.6657946370176586	初见                   	6116
1053  	3.6657936092194867	一1四五14             	1909
1054  	3.6657608695652173	ikun鸡打王            	3680
1055  	3.665625    	咖啡                   	640
1056  	3.665625    	刘十三                	1280
1057  	3.6655844155844157	黑一色                	1540
1058  	3.6655405405405403	Sablinbot                	592
1059  	3.665509259259259	就说小伙路过       	864
1060  	3.6654589371980677	振玉                   	1656
1061  	3.6653944020356235	Kiwi                     	1572
1062  	3.665263157894737	阿月                   	3800
1063  	3.665204678362573	魔法少女寻笺       	684
1064  	3.6651182432432434	尚恩                   	2368
1065  	3.6650763358778624	南宁正氣雀馆       	2096
1066  	3.665       	liuachun                 	400
1067  	3.66484375  	茗芮里                	1280
1068  	3.664772727272727	渣宝                   	176
1069  	3.664772727272727	qucheng                  	176
1070  	3.6647157190635453	樱花Judy               	1196
1071  	3.6645261724070832	猫头鹰                	5139
1072  	3.6644238856181666	陈佳豪                	1189
1073  	3.664406779661017	花开岁月             	295
1074  	3.6643518518518516	K酱                     	432
1075  	3.664327485380117	千千晚星             	3420
1076  	3.6643145161290325	理查德                	1984
1077  	3.6643043640432675	依万苏                	5362
1078  	3.6643041237113403	萌新小精灵          	1552
1079  	3.6642156862745097	crp233                   	816
1080  	3.6640625   	风的思绪             	384
1081  	3.6640625   	留下的静悄悄       	128
1082  	3.6640625   	一灯大师             	256
1083  	3.6640625   	qqll                     	128
1084  	3.6640625   	bits                     	128
1085  	3.6639945420433224	小龙女                	5863
1086  	3.663825757575758	風林火山             	1056
1087  	3.66375     	苹果狼、             	800
1088  	3.663577386468953	多来雀庄             	2158
1089  	3.6634632496885566	国标小渣渣          	5619
1090  	3.6634615384615383	常青                   	208
1091  	3.6634114583333335	有路口                	1536
1092  	3.6634114583333335	新建文件夹          	1536
1093  	3.663352272727273	美竹兰                	704
1094  	3.663306451612903	不吃葱花             	496
1095  	3.663265306122449	Schubert                 	784
1096  	3.6631944444444446	小萧潇笑             	576
1097  	3.6630794701986753	昏睡猫                	2416
1098  	3.6630434782608696	蒙题王                	368
1099  	3.6630434782608696	烨卉                   	736
1100  	3.6630434782608696	图图帕特             	1104
1101  	3.6630211893369786	Mikoto                   	1463
1102  	3.6628131021194603	星晴                   	519
1103  	3.6627906976744184	小玖                   	7052
1104  	3.6626907560077178	CHAGA04                  	28505
1105  	3.6625      	夜雨桥                	80
1106  	3.6625      	地底探险             	560
1107  	3.6625      	南方孤影             	1200
1108  	3.6625      	NCO                      	160
1109  	3.6624869383490073	四喜                   	3828
1110  	3.662109375 	洛兰希尔坠星       	512
1111  	3.662063953488372	火哥                   	1376
1112  	3.662037037037037	和光同尘             	432
1113  	3.6619718309859155	大仙人                	2556
1114  	3.6619318181818183	蓝天skyhuner           	1056
1115  	3.661764705882353	七夜的许愿星       	1360
1116  	3.661764705882353	QinNai                   	272
1117  	3.6616379310344827	ws1221                   	464
1118  	3.6614583333333335	木之本樱             	384
1119  	3.661431641593652	有限鲤鱼机          	6049
1120  	3.661420500403551	张磊                   	2478
1121  	3.6613372093023258	初见亦别离          	688
1122  	3.661290322580645	清風不歸客          	496
1123  	3.661184210526316	黑道代打つ          	304
1124  	3.6611519607843137	菜籽的菜             	3264
1125  	3.661111111111111	大祭酒                	720
1126  	3.661111111111111	啊正本正             	540
1127  	3.6610169491525424	zymmiwang                	472
1128  	3.6609616951915243	紫魔狐                	1227
1129  	3.6609345794392523	真随机                	2675
1130  	3.6609085092770313	樱华                   	4689
1131  	3.660765895953757	zerong                   	2768
1132  	3.6607532751091703	当红辣子君          	3664
1133  	3.6607142857142856	胜天一番             	112
1134  	3.6607142857142856	祁连祈知             	336
1135  	3.6607142857142856	深圳柿子吉他       	112
1136  	3.6607142857142856	KaneSHEN                 	1344
1137  	3.6607142857142856	Higuchi                  	56
1138  	3.6605845881310897	菜鸟坟墓             	5645
1139  	3.660459587955626	xYz                      	2524
1140  	3.660436137071651	Jvruo                    	1284
1141  	3.660326086956522	伊尔                   	368
1142  	3.6603157321720197	xxxhhww                  	1837
1143  	3.659970238095238	叮叮                   	1344
1144  	3.659957627118644	茅老道                	4720
1145  	3.6599362380446334	geruome                  	2823
1146  	3.6599264705882355	识时务者             	544
1147  	3.6598837209302326	阿彰不凑番          	688
1148  	3.659815436241611	冰雪分类             	2384
1149  	3.6597222222222223	错和紫乌龟          	144
1150  	3.6597222222222223	葛天帝                	288
1151  	3.6596283783783785	云栖花间             	1184
1152  	3.6595269137642017	小三元                	16107
1153  	3.6594827586206895	贯                      	2552
1154  	3.6594698589140657	蹦天使                	4678
1155  	3.659437280187573	mika                     	3412
1156  	3.659431137724551	菠萝吹雪             	2672
1157  	3.659375    	克兰娜德             	320
1158  	3.65929203539823	凯旋之愿             	904
1159  	3.659090909090909	羽墨                   	176
1160  	3.659090909090909	欧尼酱                	176
1161  	3.659090909090909	明绣                   	176
1162  	3.6589912280701755	calzhulator              	912
1163  	3.658711721224921	Encyclopedia             	4735
1164  	3.6584126984126986	吴三牛                	3150
1165  	3.6583044982698962	关关雎鸠2024         	2312
1166  	3.6582692622280386	业6forever              	6113
1167  	3.6580128205128206	嘻嘻哈哈             	3120
1168  	3.658005617977528	WindHunter               	1424
1169  	3.657992565055762	陈楠                   	3228
1170  	3.6578947368421053	yy小泠                 	608
1171  	3.657840083073728	格兰                   	3852
1172  	3.6577153480685807	牧羊人                	4841
1173  	3.6575342465753424	Ahnenerbe412             	219
1174  	3.6575      	药渣                   	400
1175  	3.657258064516129	Tibochapo                	1488
1176  	3.6572367220295674	laitedao                 	5479
1177  	3.6571969696969697	走无常                	528
1178  	3.6571969696969697	蛋黄派派             	1584
1179  	3.6571969696969697	sanse                    	528
1180  	3.656960227272727	黑心换黑心          	1408
1181  	3.656862745098039	gris                     	816
1182  	3.656779661016949	北宸星落             	944
1183  	3.65675057208238	御剑飞行             	1311
1184  	3.6567460317460316	咕咕咕咕             	1008
1185  	3.656480661352229	Jux                      	6774
1186  	3.65625     	远山黛蓝             	96
1187  	3.65625     	芋头                   	32
1188  	3.65625     	温柔的光             	64
1189  	3.65625     	幻月符文             	32
1190  	3.65625     	川和桜子             	192
1191  	3.65625     	崇灯                   	96
1192  	3.65625     	嘿嘿嘿哈             	64
1193  	3.65625     	北京九十四中       	32
1194  	3.65625     	北                      	64
1195  	3.65625     	包包大人             	32
1196  	3.65625     	与梦随缘喵          	32
1197  	3.65625     	三无将                	64
1198  	3.65625     	一番赏                	32
1199  	3.65625     	zzzsk                    	32
1200  	3.65625     	kima                     	3616
1201  	3.65625     	jjh667                   	32
1202  	3.65625     	TokisakiG                	64
1203  	3.65625     	Quandaiwu42              	96
1204  	3.65625     	NotANumber               	64
1205  	3.65625     	JN                       	256
1206  	3.65625     	HZ                       	800
1207  	3.65625     	Dreamcast                	192
1208  	3.6554878048780486	tmry                     	656
1209  	3.655456255879586	襄下樊人             	4252
1210  	3.6553267681289165	炙易狐                	4468
1211  	3.655241935483871	Nff                      	496
1212  	3.6552083333333334	逻辑猫                	960
1213  	3.6551724137931036	发生什么事了       	232
1214  	3.6551204819277108	YOUGA                    	1328
1215  	3.6549019607843136	黎黎                   	510
1216  	3.654703522068658	国麻萧寒             	8972
1217  	3.6546875   	Jk酱                    	640
1218  	3.6546795758414015	kay                      	2169
1219  	3.6546052631578947	Yuki琪琪               	2736
1220  	3.6544117647058822	天门                   	1088
1221  	3.6543058535090407	枭风雀庄             	3263
1222  	3.6541970802919708	月见琥珀             	2192
1223  	3.6541813178413087	赤木茂                	6541
1224  	3.654166666666667	萌新有雪             	240
1225  	3.654166666666667	自摸全求人          	240
1226  	3.653906584773604	蛋黄派                	7001
1227  	3.6538461538461537	阳光男孩             	104
1228  	3.6538461538461537	wyy1990                  	208
1229  	3.6536144578313254	张进步                	1328
1230  	3.6535714285714285	MKimiSH                  	1120
1231  	3.653409090909091	舛敖                   	176
1232  	3.653409090909091	下张自摸真君       	176
1233  	3.653252850435949	三十                   	1491
1234  	3.6532302595251243	希岸子                	3622
1235  	3.653225806451613	倒不推推不倒       	496
1236  	3.653225806451613	Jenceses                 	496
1237  	3.653225806451613	AlCu2764                 	992
1238  	3.653125    	福娃二妹             	640
1239  	3.653125    	破破                   	960
1240  	3.653125    	洛阳yy                 	320
1241  	3.653125    	kgrox                    	320
1242  	3.653045489591365	FMA                      	3891
1243  	3.6530054644808745	练习两年半          	1464
1244  	3.6527777777777777	内鬼                   	144
1245  	3.6527777777777777	roysongor                	144
1246  	3.6527777777777777	F8                       	144
1247  	3.6526835286859964	miaomiao                 	1621
1248  	3.6526639344262297	夏威夷吉他手       	976
1249  	3.6526639344262297	Inf                      	1952
1250  	3.652644230769231	熔岩                   	832
1251  	3.6524470899470898	念天地之悠悠       	3024
1252  	3.6524280575539567	hyperon                  	2224
1253  	3.6523898199875853	滚烫小豆浆          	1611
1254  	3.65234375  	Nowherecsb               	256
1255  	3.65234375  	Fred460                  	256
1256  	3.6522606382978724	燚飞扬                	1504
1257  	3.652173913043478	余歌                   	2024
1258  	3.6521084337349397	这牌听啥啊          	1328
1259  	3.652083333333333	天野ヒトミ          	480
1260  	3.6517857142857144	黎洛溟JM              	112
1261  	3.6517857142857144	琪露诺不是九       	224
1262  	3.6517857142857144	奶瓶                   	112
1263  	3.6517857142857144	suliao                   	112
1264  	3.6515625   	徐北to                 	640
1265  	3.6515151515151514	Pluis                    	528
1266  	3.651421508034611	handsomeboy              	809
1267  	3.651315789473684	青春的尾巴          	608
1268  	3.651315789473684	拾陆                   	304
1269  	3.651315789473684	CHAGA110                 	304
1270  	3.6511548913043477	翔鹰                   	2944
1271  	3.6510464058234757	我来辣                	4396
1272  	3.651006711409396	菜鸟123                	596
1273  	3.6509146341463414	王洋                   	2624
1274  	3.6508620689655173	keke                     	928
1275  	3.6506189821182944	涛                      	1454
1276  	3.6505524861878453	不会玩的萌新       	724
1277  	3.650520833333333	sdlyx                    	3840
1278  	3.650485436893204	Sw279695293              	1236
1279  	3.650462962962963	无语锂电池          	432
1280  	3.6503496503496504	AIplayer                 	429
1281  	3.6503378378378377	Hinson                   	1184
1282  	3.6503164556962027	专打Jencese            	1264
1283  	3.650070372976777	北风萧霄             	5684
1284  	3.65        	泠依喵                	80
1285  	3.65        	我来截个和          	160
1286  	3.65        	广东麻将BOT          	20
1287  	3.65        	寳儿丶少爷          	320
1288  	3.65        	云糜                   	160
1289  	3.65        	ZJU国标分队          	100
1290  	3.65        	River                    	320
1291  	3.65        	Jayden87                 	80
1292  	3.6499756927564415	着相                   	4114
1293  	3.6496710526315788	狗                      	608
1294  	3.649390243902439	吴下阿濛             	656
1295  	3.6493055555555554	西月                   	288
1296  	3.6493055555555554	不名                   	288
1297  	3.6490825688073394	潇飒                   	872
1298  	3.6489583333333333	Be4Sunrise               	960
1299  	3.64875     	afanty                   	800
1300  	3.6486486486486487	Virophage                	444
1301  	3.6484947111472743	kanna                    	1229
1302  	3.6484659386375453	日出                   	1923
1303  	3.6484375   	山猫                   	128
1304  	3.6484375   	何苏                   	128
1305  	3.6483050847457625	投影机                	944
1306  	3.648224043715847	立花明明子          	5856
1307  	3.6481410502108087	小天天err             	2609
1308  	3.6475694444444446	妙手捞月             	576
1309  	3.6475      	二阶堂真红          	400
1310  	3.6474164133738602	Lemontruth               	987
1311  	3.6473214285714284	木木夕                	224
1312  	3.6470588235294117	Ash                      	153
1313  	3.646969696969697	和绝张                	3300
1314  	3.6467767714437933	嗯好可以行          	1877
1315  	3.646643109540636	悠雨丶浪淘沙       	283
1316  	3.6463414634146343	海风                   	492
1317  	3.646205357142857	葫芦丶娃             	896
1318  	3.64609375  	随便玩玩儿          	1280
1319  	3.6458333333333335	黑泽咲                	96
1320  	3.6458333333333335	魔鬼上路             	96
1321  	3.6458333333333335	马赛小回旋          	528
1322  	3.6458333333333335	秋8LUE                  	48
1323  	3.6458333333333335	盈峰环境小彭       	96
1324  	3.6458333333333335	白羽寒                	48
1325  	3.6458333333333335	甜蜜桃花             	240
1326  	3.6458333333333335	火柴                   	48
1327  	3.6458333333333335	林零柒                	96
1328  	3.6458333333333335	无忧                   	48
1329  	3.6458333333333335	小华                   	48
1330  	3.6458333333333335	兰姐                   	384
1331  	3.6458333333333335	光明之眼             	192
1332  	3.6458333333333335	kulin                    	48
1333  	3.6458333333333335	imv                      	96
1334  	3.6458333333333335	HReimu                   	48
1335  	3.6458333333333335	Freezle                  	192
1336  	3.6458333333333335	Deictic                  	48
1337  	3.6458333333333335	Aurora                   	48
1338  	3.6458333333333335	Altros                   	48
1339  	3.6453585325180655	一田                   	1799
1340  	3.645220588235294	saltydog                 	544
1341  	3.6452020202020203	晨三                   	792
1342  	3.6451965065502185	休息1下玩1会        	1832
1343  	3.6449652777777777	弗兰基                	1152
1344  	3.6448237885462555	kk                       	1816
1345  	3.644662921348315	加勒比海带          	712
1346  	3.64453125  	Archetto                 	256
1347  	3.6444444444444444	木辛子                	720
1348  	3.644412878787879	金大爸                	2112
1349  	3.644230769230769	立又                   	208
1350  	3.644047619047619	Choimoe                  	2520
1351  	3.6440217391304346	banz                     	368
1352  	3.643859649122807	卖间久里代          	1710
1353  	3.64375     	秀仔                   	160
1354  	3.64375     	匃洗湘冯             	640
1355  	3.64375     	不爱飞的雕          	160
1356  	3.64375     	sparkle                  	320
1357  	3.6436855670103094	轻轻的飘             	1552
1358  	3.6436567164179103	哆啦a                  	536
1359  	3.6436107854630717	吸烟酱                	853
1360  	3.6433823529411766	祈慕斯                	816
1361  	3.643269230769231	唔C迪C                 	1040
1362  	3.6432291666666665	WE1RC                    	384
1363  	3.643008474576271	alaya23                  	3776
1364  	3.642857142857143	空折花枝             	112
1365  	3.642857142857143	狠人大帝             	112
1366  	3.642857142857143	无奈喵                	112
1367  	3.642857142857143	Hydra                    	336
1368  	3.642174871418075	猫猫今天吃啥       	2722
1369  	3.642105263157895	duncan21                 	855
1370  	3.6420454545454546	zacian                   	176
1371  	3.6419753086419755	BestMaomi                	324
1372  	3.6419573643410854	暗刻来了             	2064
1373  	3.6417525773195876	eraofexp                 	776
1374  	3.64171511627907	pluto                    	1376
1375  	3.641537544696067	茗清流                	3356
1376  	3.6414695945945947	雄关迈步             	2368
1377  	3.6414473684210527	水小妹                	304
1378  	3.641419491525424	魂魄                   	1888
1379  	3.6414081145584727	阿良                   	1676
1380  	3.6411498708010335	霹雳911                	3096
1381  	3.6411323896752705	爱の火车票          	1201
1382  	3.641025641025641	ChloeZ                   	624
1383  	3.640625    	老子很帥             	192
1384  	3.640625    	火星包                	64
1385  	3.640625    	星月城                	192
1386  	3.640625    	抹茶味纯子          	384
1387  	3.640625    	可爱小灵梦          	64
1388  	3.640625    	凛樱                   	128
1389  	3.640625    	上帝肥嘟嘟          	64
1390  	3.640625    	memo                     	128
1391  	3.640625    	ToT                      	64
1392  	3.6402439024390243	伏黑惠的玉犬       	656
1393  	3.64        	叶三夕夕夕          	100
1394  	3.6399026763990268	长崎素世             	411
1395  	3.639705882352941	汐楚三月             	272
1396  	3.639705882352941	RBsq                     	272
1397  	3.639423076923077	平和達人             	208
1398  	3.639423076923077	guanzhu                  	208
1399  	3.6392045454545454	超级无敌粉毛       	352
1400  	3.6390086206896552	rainbow369               	928
1401  	3.6390041493775933	volknet                  	241
1402  	3.638888888888889	正弦                   	324
1403  	3.638888888888889	国标菜鸡             	2016
1404  	3.638888888888889	chuqing                  	36
1405  	3.6385869565217392	抹茶要楽奈          	368
1406  	3.6385869565217392	多元外卷人          	368
1407  	3.6384615384615384	冥雪99                 	520
1408  	3.638392857142857	阿寒                   	224
1409  	3.638392857142857	逍遥星空             	224
1410  	3.638392857142857	硅基生命             	224
1411  	3.638392857142857	抱米花哦             	224
1412  	3.6383734701934465	xiong                    	2533
1413  	3.63818359375	hrb                      	2048
1414  	3.638157894736842	TristeQ                  	304
1415  	3.6380802517702597	pcx1078                  	1271
1416  	3.637668918918919	Serendipity              	1184
1417  	3.6375      	鲤鱼号                	80
1418  	3.6375      	大可乐                	880
1419  	3.6375      	二狗狗不狗          	960
1420  	3.6375      	Homeless                 	160
1421  	3.6375      	CoL1n                    	80
1422  	3.6373626373626373	芋蔗                   	91
1423  	3.6372282608695654	卡小雷                	736
1424  	3.6371527777777777	到底是谁             	576
1425  	3.6370481927710845	糊涂蜜蜜             	1328
1426  	3.636881047239613	花君子                	1757
1427  	3.6364795918367347	Ace                      	1568
1428  	3.6363636363636362	要来点智乃吗       	176
1429  	3.6361842105263156	玖柒、97              	1520
1430  	3.636029411764706	樱淳宝贝子          	272
1431  	3.6359784283513097	长风                   	2596
1432  	3.635869565217391	彤轩                   	736
1433  	3.6355337078651684	婆罗摩笈多          	1424
1434  	3.6354319180087846	打九万来九万       	1366
1435  	3.6354166666666665	豆子鸽                	96
1436  	3.6354166666666665	调皮的猴子1         	192
1437  	3.6354166666666665	沮望                   	384
1438  	3.635174418604651	猪突猛进             	688
1439  	3.6350574712643677	amyhu                    	348
1440  	3.6348684210526314	爪哇龟                	304
1441  	3.634375    	SunnyWong                	320
1442  	3.634375    	Jencese2号              	320
1443  	3.6343283582089554	萌新白羽             	536
1444  	3.634259259259259	明薪99                 	432
1445  	3.634259259259259	安宇枫                	648
1446  	3.6342391304347825	小孙看电视          	1840
1447  	3.6341948310139167	正确每一打          	2012
1448  	3.6339285714285716	风雪奇缘             	112
1449  	3.6339285714285716	夜幕遮星             	336
1450  	3.6339285714285716	jellyhi                  	224
1451  	3.6339285714285716	cdg                      	112
1452  	3.633522727272727	黑火                   	352
1453  	3.6333333333333333	江大麻将AI           	240
1454  	3.6333333333333333	小黑白                	240
1455  	3.6332547169811322	kiki                     	848
1456  	3.6331521739130435	Koucha                   	368
1457  	3.6328125   	下等立直麻将       	256
1458  	3.632575757575758	全效进张             	528
1459  	3.6323529411764706	杜陵路                	272
1460  	3.6315789473684212	丛雨ちゃん          	912
1461  	3.63125     	逍遥自在             	160
1462  	3.63125     	衔蝉幽客             	160
1463  	3.631048387096774	zumgze                   	496
1464  	3.630952380952381	bagua                    	336
1465  	3.630859375 	伯约2                  	1024
1466  	3.6306818181818183	LogicGhost               	176
1467  	3.6303986710963456	蜜橘                   	2408
1468  	3.630357142857143	海伯利安             	1120
1469  	3.6302083333333335	姬攻千歌音          	384
1470  	3.629737609329446	白夜撞鬼             	343
1471  	3.629032258064516	北风萧霄2            	496
1472  	3.62900641025641	Charlotte                	1248
1473  	3.6282894736842106	北北ai训练           	608
1474  	3.6277173913043477	pzhyjz                   	368
1475  	3.6276276276276276	Buhlava                  	333
1476  	3.6276041666666665	萌新大黄蜂          	384
1477  	3.6272590361445785	后门概念神          	1328
1478  	3.627226463104326	自摸七对             	1572
1479  	3.6271929824561404	马戏团长             	456
1480  	3.6267857142857145	摇摇奶昔             	560
1481  	3.626689189189189	青雀                   	592
1482  	3.6256410256410256	墨羽                   	585
1483  	3.6253369272237195	左右                   	371
1484  	3.625       	鳗鱼                   	144
1485  	3.625       	顾寒9275               	32
1486  	3.625       	陌                      	16
1487  	3.625       	迫落                   	32
1488  	3.625       	达斯眉目             	48
1489  	3.625       	辕                      	176
1490  	3.625       	超薄也有距离       	48
1491  	3.625       	超级同花顺          	160
1492  	3.625       	落樱焚雪             	136
1493  	3.625       	萧寒头号红粉       	16
1494  	3.625       	老王c                  	32
1495  	3.625       	老歪子                	80
1496  	3.625       	绵羊                   	16
1497  	3.625       	绝不认输             	48
1498  	3.625       	立直大王             	128
1499  	3.625       	珈蓝                   	16
1500  	3.625       	王牌小管             	32
1501  	3.625       	演员                   	16
1502  	3.625       	渣不多德勒          	176
1503  	3.625       	派蒙                   	48
1504  	3.625       	泽嵘                   	16
1505  	3.625       	普通怪兽奇卡       	32
1506  	3.625       	日麻是什么          	16
1507  	3.625       	挂机1号               	48
1508  	3.625       	我是                   	160
1509  	3.625       	弥卡呦                	16
1510  	3.625       	山兔                   	32
1511  	3.625       	尘世                   	208
1512  	3.625       	小绿帽                	48
1513  	3.625       	小白薯                	40
1514  	3.625       	小张同学             	32
1515  	3.625       	天天                   	32
1516  	3.625       	大三元                	32
1517  	3.625       	圣杯碳                	112
1518  	3.625       	呓语年少             	32
1519  	3.625       	可爱小花花          	16
1520  	3.625       	南风                   	32
1521  	3.625       	千早爱音             	112
1522  	3.625       	千手白子             	64
1523  	3.625       	倪振民                	144
1524  	3.625       	仓鼠                   	16
1525  	3.625       	不要南风             	80
1526  	3.625       	不会七对             	80
1527  	3.625       	三索得了MVP          	32
1528  	3.625       	三横一棵树          	16
1529  	3.625       	yyyyyyh                  	48
1530  	3.625       	xyhsjh                   	112
1531  	3.625       	xxcnoba                  	16
1532  	3.625       	xunshan                  	64
1533  	3.625       	white                    	16
1534  	3.625       	ua                       	304
1535  	3.625       	silence                  	24
1536  	3.625       	mousuan                  	272
1537  	3.625       	Yangyumao                	16
1538  	3.625       	WLSTALIN                 	384
1539  	3.625       	Simba07                  	48
1540  	3.625       	Satori5                  	80
1541  	3.625       	Richard71705             	16
1542  	3.625       	KuozakiSaika             	16
1543  	3.625       	Bullshitmatt             	64
1544  	3.625       	Ambitious荣             	32
1545  	3.624495289367429	paidax                   	743
1546  	3.624305003971406	理论力学             	1259
1547  	3.623820754716981	Tiger                    	1696
1548  	3.6236933797909407	老王                   	287
1549  	3.6225596529284165	卢YYY                   	1383
1550  	3.6223958333333335	诸光                   	768
1551  	3.6222826086956523	BrilliantIME             	736
1552  	3.6221719457013575	bluff                    	884
1553  	3.621875    	GoodNight                	320
1554  	3.6218487394957983	UsamiRenko               	119
1555  	3.6215277777777777	🏹🪚👴             	288
1556  	3.6210526315789475	轻铸                   	190
1557  	3.620923913043478	阿牛                   	736
1558  	3.620833333333333	lalulu                   	240
1559  	3.6206896551724137	地狱火的挽歌       	464
1560  	3.620401337792642	坎坷苦                	598
1561  	3.619959677419355	恐怖福瑞             	992
1562  	3.619565217391304	渣渣                   	92
1563  	3.619047619047619	小小黑                	126
1564  	3.6189024390243905	Toriel                   	328
1565  	3.618827160493827	Gompyn                   	648
1566  	3.61875     	何いみ                	320
1567  	3.6180555555555554	愿樱落时见你       	144
1568  	3.6180555555555554	呵呵哒                	144
1569  	3.6180555555555554	五羟色胺             	144
1570  	3.6180555555555554	mikan                    	144
1571  	3.6180555555555554	KomeijiMarin             	144
1572  	3.6176470588235294	出道即巅峰          	272
1573  	3.6176470588235294	floatcloud               	272
1574  	3.6174863387978142	渝宇                   	183
1575  	3.6171875   	fiorgace                 	128
1576  	3.6171875   	Tortov                   	256
1577  	3.6171875   	Melody                   	128
1578  	3.6160714285714284	困了喵                	112
1579  	3.6153846153846154	PtF6                     	52
1580  	3.6147540983606556	Falcao                   	488
1581  	3.6145833333333335	万俟北辰             	96
1582  	3.6136363636363638	XXHYX                    	176
1583  	3.613175675675676	鸡神教信徒          	592
1584  	3.6125      	雪华yukivv             	80
1585  	3.6125      	花袭人                	80
1586  	3.6125      	李早苗                	80
1587  	3.6125      	Melacau                  	80
1588  	3.611882716049383	AGAHC                    	1296
1589  	3.611842105263158	糖糖0919               	304
1590  	3.611111111111111	阿吉                   	144
1591  	3.611111111111111	时一时易拾忆       	144
1592  	3.611111111111111	brilliant                	36
1593  	3.611111111111111	Malkavian                	144
1594  	3.610294117647059	SunnyYip                 	544
1595  	3.6096196868008947	冰雪羊之角          	894
1596  	3.6094890510948905	凌叶                   	274
1597  	3.609375    	苑清青                	128
1598  	3.609375    	TyrusYip                 	384
1599  	3.609302325581395	朴彩英                	215
1600  	3.6079545454545454	桂茹                   	352
1601  	3.6079545454545454	冰封                   	176
1602  	3.607673267326733	在摸鱼中             	808
1603  	3.607142857142857	杜双龙                	112
1604  	3.607142857142857	星官之夏             	560
1605  	3.607142857142857	pecuria                  	336
1606  	3.60625     	一叶菩提             	160
1607  	3.60625     	Cai                      	160
1608  	3.605769230769231	Feira                    	208
1609  	3.6052631578947367	哈气米                	304
1610  	3.6043165467625897	冰糖榴梨             	139
1611  	3.6041666666666665	输到想妈妈          	96
1612  	3.6041666666666665	贝瑞塔                	48
1613  	3.6041666666666665	老馋馋                	144
1614  	3.6041666666666665	维尔斯特拉斯       	1104
1615  	3.6041666666666665	组组组组合龙       	48
1616  	3.6041666666666665	澜川                   	96
1617  	3.6041666666666665	林嘿嘿4号            	48
1618  	3.6041666666666665	小武                   	48
1619  	3.6041666666666665	卷谁呢                	48
1620  	3.6041666666666665	五分发挥de           	96
1621  	3.6041666666666665	不在勿扰             	96
1622  	3.6041666666666665	yukimurasaki             	48
1623  	3.6041666666666665	ycrj                     	48
1624  	3.6041666666666665	huaji                    	48
1625  	3.6033254156769594	宽心                   	421
1626  	3.6033163265306123	阿珊                   	784
1627  	3.6027060270602704	柒柒                   	813
1628  	3.6025641025641026	还在流浪             	624
1629  	3.6025      	虎鲸                   	400
1630  	3.6015625   	黑桃A                  	128
1631  	3.6011904761904763	三百斤小胖熊       	168
1632  	3.6009615384615383	绫地宁宁             	208
1633  	3.6009615384615383	孤山战士             	208
1634  	3.6009615384615383	K437                     	416
1635  	3.600806451612903	Bryce                    	496
1636  	3.6006944444444446	初芝雪音             	288
1637  	3.6004464285714284	小猪美美             	448
1638  	3.6         	黄腾                   	80
1639  	3.6         	parkloss403              	160
1640  	3.6         	leverid                  	80
1641  	3.6         	Tairitsu                 	80
1642  	3.6         	SherWu                   	380
1643  	3.598684210526316	Albus                    	608
1644  	3.5982142857142856	Vorak                    	112
1645  	3.5974025974025974	hb                       	77
1646  	3.5972222222222223	胖子zzz                	144
1647  	3.5969827586206895	luoshen                  	464
1648  	3.5961538461538463	小E                     	208
1649  	3.59375     	鸡打不溜             	192
1650  	3.59375     	雾雾子                	288
1651  	3.59375     	郑美云                	32
1652  	3.59375     	芙宁娜                	32
1653  	3.59375     	渡鸟                   	64
1654  	3.59375     	清风                   	96
1655  	3.59375     	平生欢                	96
1656  	3.59375     	小白                   	160
1657  	3.59375     	大大大鹏子          	32
1658  	3.59375     	凸眼鱼                	32
1659  	3.59375     	中島めいし          	160
1660  	3.59375     	xxxr                     	32
1661  	3.59375     	softhuang                	32
1662  	3.59375     	kawaisubei               	96
1663  	3.59375     	Milton                   	32
1664  	3.59375     	Kazuradrop               	352
1665  	3.59375     	DSCH                     	128
1666  	3.59375     	BLG首席打野          	32
1667  	3.592334494773519	阿德南                	287
1668  	3.591666666666667	南桥s01                	240
1669  	3.591666666666667	Lyun                     	240
1670  	3.591666666666667	James                    	240
1671  	3.590909090909091	萧何                   	286
1672  	3.590909090909091	墨辰                   	176
1673  	3.5902777777777777	类星体                	144
1674  	3.589939024390244	一瞥而过             	656
1675  	3.5892857142857144	随便搞一个          	224
1676  	3.5892857142857144	姬丝秀忒             	112
1677  	3.5892857142857144	qixian96                 	112
1678  	3.5889423076923075	快乐人生             	416
1679  	3.5889423076923075	国家二级废物       	832
1680  	3.588235294117647	歳納京子             	136
1681  	3.5875      	风怒大汉堡          	80
1682  	3.5875      	IceCola                  	80
1683  	3.5865384615384617	北部玄驹             	208
1684  	3.586206896551724	楠枫溪                	464
1685  	3.5859375   	绝寂                   	128
1686  	3.5859375   	河漢清淺             	128
1687  	3.5859375   	Jackie                   	128
1688  	3.585227272727273	夏野川                	176
1689  	3.5848214285714284	阿楠                   	672
1690  	3.584375    	INTP                     	320
1691  	3.5833333333333335	门清大师兄          	48
1692  	3.5833333333333335	超强力鸡翅          	48
1693  	3.5833333333333335	萌新小白             	48
1694  	3.5833333333333335	折一尾纸鸢          	144
1695  	3.5833333333333335	四角豆星             	48
1696  	3.5833333333333335	zsswg                    	96
1697  	3.5833333333333335	miracle                  	96
1698  	3.5833333333333335	WeakBot1                 	72
1699  	3.5833333333333335	The                      	48
1700  	3.5833333333333335	Sin是我的神          	60
1701  	3.581730769230769	因幡爱瑠             	208
1702  	3.580357142857143	欧偷袭圣手          	1232
1703  	3.580357142857143	月曦                   	112
1704  	3.580357142857143	DankratosBR              	448
1705  	3.5795454545454546	萌新11                 	176
1706  	3.579391891891892	狗勾战士夕夕       	592
1707  	3.578125    	渋德安                	64
1708  	3.578125    	喻秋水                	704
1709  	3.578125    	博博巨奈斯          	64
1710  	3.578125    	HiramHe                  	64
1711  	3.5767045454545454	sm                       	352
1712  	3.5767045454545454	founded                  	352
1713  	3.576388888888889	微辣就行             	720
1714  	3.575       	祝                      	80
1715  	3.575       	刘十六                	80
1716  	3.575       	SL七叶                 	200
1717  	3.5729166666666665	秋秋                   	96
1718  	3.571969696969697	不羁的峰             	528
1719  	3.5714285714285716	龍龍想你了          	112
1720  	3.5714285714285716	番                      	112
1721  	3.5714285714285716	心中的太阳          	112
1722  	3.5714285714285716	Hotaru                   	112
1723  	3.56875     	暮春                   	160
1724  	3.5680555555555555	僮九                   	720
1725  	3.5680555555555555	inami                    	720
1726  	3.5625      	饼蛙                   	16
1727  	3.5625      	装饰                   	16
1728  	3.5625      	萌新搞事情          	32
1729  	3.5625      	疯狂宝贝             	16
1730  	3.5625      	报告精华             	48
1731  	3.5625      	把把胡                	16
1732  	3.5625      	我爱汉堡             	48
1733  	3.5625      	多情龙井             	48
1734  	3.5625      	唐铭铭                	16
1735  	3.5625      	卡先生                	96
1736  	3.5625      	单一                   	16
1737  	3.5625      	半成                   	64
1738  	3.5625      	决战机器人          	96
1739  	3.5625      	低调玩家             	16
1740  	3.5625      	井九清                	48
1741  	3.5625      	丛寂                   	16
1742  	3.5625      	上吉                   	16
1743  	3.5625      	一个没用的          	16
1744  	3.5625      	一个二毫半          	32
1745  	3.5625      	zhozho                   	144
1746  	3.5625      	xxx                      	96
1747  	3.5625      	v70                      	112
1748  	3.5625      	shiro                    	80
1749  	3.5625      	natsumikka               	32
1750  	3.5625      	molan                    	16
1751  	3.5625      	huer                     	80
1752  	3.5625      	Tour诺达               	16
1753  	3.5625      	Star                     	80
1754  	3.5625      	OODCC                    	32
1755  	3.5625      	Natsumi                  	16
1756  	3.5625      	NamelessGod              	16
1757  	3.5625      	Fervidstar               	16
1758  	3.5625      	B站23129315             	32
1759  	3.56        	齹                      	25
1760  	3.5535714285714284	玖儿                   	112
1761  	3.5528846153846154	leenlover                	208
1762  	3.5528846153846154	Sant                     	208
1763  	3.5520833333333335	Acylation                	96
1764  	3.55        	字一色小四喜       	80
1765  	3.55        	夤夜长风             	80
1766  	3.55        	五指毛桃             	80
1767  	3.55        	ly3d                     	160
1768  	3.546875    	清梦挽歌             	128
1769  	3.545138888888889	沉默的西风          	288
1770  	3.5416666666666665	幽梦一帘             	48
1771  	3.5416666666666665	pfsP                     	48
1772  	3.5390625   	疯帽子                	128
1773  	3.5375      	Mon3tr                   	480
1774  	3.534090909090909	佤熙紫                	176
1775  	3.53125     	锦亚澄                	32
1776  	3.53125     	诗羽                   	32
1777  	3.53125     	诈胡战士             	64
1778  	3.53125     	年少翩翩白虎       	32
1779  	3.53125     	小林刚                	32
1780  	3.53125     	夜雨声烦             	128
1781  	3.53125     	冰蓝雨晨             	128
1782  	3.53125     	九方                   	32
1783  	3.53125     	qyjwty                   	32
1784  	3.53125     	modayo                   	32
1785  	3.53125     	michalek                 	96
1786  	3.53125     	linsaiya                 	64
1787  	3.53125     	CregChain                	128
1788  	3.5277777777777777	木木                   	72
1789  	3.5277777777777777	总是学不会          	288
1790  	3.5260416666666665	搞子                   	192
1791  	3.525       	佩奇QAQ                	80
1792  	3.5234375   	铁铳王                	128
1793  	3.5208333333333335	食卓塩                	48
1794  	3.5208333333333335	戮默                   	48
1795  	3.5208333333333335	尘墨                   	48
1796  	3.517857142857143	渣渣夕                	112
1797  	3.515625    	雀游屋皮皮          	64
1798  	3.515625    	皮皮161616             	64
1799  	3.515625    	主播狙击手          	64
1800  	3.515625    	Tricale                  	64
1801  	3.514705882352941	PureTea                  	68
1802  	3.513888888888889	OGGG                     	144
1803  	3.513888888888889	Maintain                 	144
1804  	3.5104166666666665	真城璃茉             	96
1805  	3.5104166666666665	吃                      	288
1806  	3.5         	飞龙在天             	16
1807  	3.5         	轩挺                   	48
1808  	3.5         	芜芯                   	96
1809  	3.5         	绿一色LLFF            	16
1810  	3.5         	篝                      	16
1811  	3.5         	破灭之魂             	32
1812  	3.5         	玖楼的考古家       	16
1813  	3.5         	玖月                   	16
1814  	3.5         	牛肉干干             	32
1815  	3.5         	木子十甫寸          	16
1816  	3.5         	月挽星回             	80
1817  	3.5         	奋豆王                	16
1818  	3.5         	只打萧寒             	16
1819  	3.5         	一色三龙会          	48
1820  	3.5         	一听就和             	16
1821  	3.5         	ツィさん             	16
1822  	3.5         	sbyz                     	32
1823  	3.5         	ormisnal                 	32
1824  	3.5         	melonpi                  	32
1825  	3.5         	konskie                  	8
1826  	3.5         	chopper                  	16
1827  	3.5         	bangdoll                 	160
1828  	3.5         	annayanami               	16
1829  	3.5         	YU清清                 	16
1830  	3.5         	Weldony                  	16
1831  	3.5         	Tolerate                 	112
1832  	3.5         	TTT                      	32
1833  	3.5         	TATTOT                   	16
1834  	3.5         	Jing                     	16
1835  	3.5         	GNOREZ                   	16
1836  	3.4955357142857144	青鳞                   	224
1837  	3.4875      	雪哥                   	80
1838  	3.4875      	supmary                  	80
1839  	3.484375    	Eumenides                	64
1840  	3.484375    	Aspartic11               	64
1841  	3.4791666666666665	诗人哪                	48
1842  	3.4791666666666665	菜包子                	48
1843  	3.4791666666666665	布布                   	48
1844  	3.4791666666666665	伯约0                  	48
1845  	3.4791666666666665	云中观山客          	48
1846  	3.4791666666666665	supercp                  	48
1847  	3.4791666666666665	neurax                   	48
1848  	3.4756554307116105	高抬贵手             	267
1849  	3.46875     	阳光牛子             	32
1850  	3.46875     	小熊老师丶安       	32
1851  	3.46875     	嗯嗯                   	32
1852  	3.46875     	jencese                  	32
1853  	3.4651162790697674	我有亿点菜          	43
1854  	3.4642857142857144	shizuku                  	56
1855  	3.4583333333333335	顾浅辞                	48
1856  	3.4583333333333335	菲利                   	96
1857  	3.4583333333333335	网络连接失败       	48
1858  	3.4583333333333335	小小小小秋          	48
1859  	3.4583333333333335	majongmaster             	48
1860  	3.4583333333333335	ikun                     	48
1861  	3.4583333333333335	Weltraumhund             	48
1862  	3.4583333333333335	Sakura                   	96
1863  	3.455357142857143	coco                     	112
1864  	3.453125    	雫ちゃん             	128
1865  	3.45        	summer                   	80
1866  	3.45        	GYIMGY                   	80
1867  	3.4375      	阿藥                   	16
1868  	3.4375      	竞麻玩家             	64
1869  	3.4375      	栖久                   	32
1870  	3.4375      	柯西不再忧伤       	16
1871  	3.4375      	杨桃巧克力酱       	32
1872  	3.4375      	春米                   	32
1873  	3.4375      	幻心                   	16
1874  	3.4375      	墨风镜花水月       	16
1875  	3.4375      	北冥雪                	16
1876  	3.4375      	佐佐木淳平          	80
1877  	3.4375      	zozoko                   	16
1878  	3.4375      	rkcd                     	16
1879  	3.4375      	quill                    	32
1880  	3.4375      	kx                       	16
1881  	3.4375      	hsr                      	16
1882  	3.4375      	chongyu7896              	16
1883  	3.4375      	Rozen                    	32
1884  	3.4375      	CXZ                      	48
1885  	3.4166666666666665	只和平和             	48
1886  	3.4166666666666665	FrAtk                    	48
1887  	3.4125      	xiao灰灰丶            	80
1888  	3.40625     	日安夜愿             	64
1889  	3.40625     	奇克kik                	32
1890  	3.40625     	唐指导yestdy          	64
1891  	3.40625     	吕伦                   	32
1892  	3.40625     	乌萨奇                	32
1893  	3.40625     	qxbk                     	32
1894  	3.40625     	jiuli                    	32
1895  	3.4017857142857144	静座                   	112
1896  	3.4         	lapulas                  	80
1897  	3.3958333333333335	青一色                	48
1898  	3.3958333333333335	小米                   	96
1899  	3.3854166666666665	Trin                     	96
1900  	3.375       	邦德                   	16
1901  	3.375       	连七对                	16
1902  	3.375       	路边一条             	64
1903  	3.375       	西兰花                	16
1904  	3.375       	笹葉更紗             	16
1905  	3.375       	甘蔗                   	16
1906  	3.375       	来吃莴苣吧          	8
1907  	3.375       	机器人                	16
1908  	3.375       	娄山关                	16
1909  	3.375       	博涵                   	16
1910  	3.375       	一丶丶丨             	48
1911  	3.375       	Frank                    	16
1912  	3.375       	ForThePoints             	16
1913  	3.34375     	祈桜                   	32
1914  	3.34375     	Sky                      	32
1915  	3.3125      	貔貅送分童子       	16
1916  	3.3125      	甲鱼                   	16
1917  	3.3125      	灰毛团子             	16
1918  	3.3125      	洋平                   	32
1919  	3.3125      	木头小人儿r         	16
1920  	3.3125      	明石                   	16
1921  	3.3125      	ouyousou                 	16
1922  	3.3125      	artrain                  	16
1923  	3.3125      	Tomcat                   	32
1924  	3.3125      	H41DA1NY4                	16
1925  	3.25        	送子                   	16
1926  	3.25        	萌新pp                 	16
1927  	3.25        	胡牌大师             	16
1928  	3.25        	白鸟翔                	16
1929  	3.25        	喵喵机                	16
1930  	3.25        	佐仓沙耶加          	16
1931  	3.25        	saltyfish                	16
1932  	3.25        	lhylx                    	16
1933  	3.1875      	白石奈奈             	16
1934  	3.1875      	Ghuxi                    	16
