======================================
Ranking by: stats.average_step_seconds
Generated at: 2026-01-09 00:23:36
Total players: 1934
======================================

Rank  	Value       	Player Name              	Rounds
------------------------------------------------------------
1     	2.63952678766674	倪振民                	144
2     	2.2924556765163304	大苏打                	80
3     	2.280406206896552	majongmaster             	48
4     	2.210821705426356	Amazingkitty             	96
5     	2.196925694444445	wqy                      	48
6     	2.162515151515151	Lily0818                 	32
7     	2.136239211507725	payphone121              	64
8     	2.10575572519084	zozoko                   	16
9     	2.1043849372384935	xxcnoba                  	16
10    	2.0997172995780593	C8H16O2                  	16
11    	2.095225883115481	YC大人                 	304
12    	2.0224697033600467	投影机                	944
13    	2.0148180212014135	ツィさん             	16
14    	2.0040997237970646	spmagic                  	452
15    	2.0032484599589324	低调玩家             	16
16    	1.9947532203389824	PtF6                     	52
17    	1.9902100313479625	郑美云                	32
18    	1.9755736842105263	柯西不再忧伤       	16
19    	1.9633288016979265	佟佟家                	1767
20    	1.9555292777941162	往事随风             	6380
21    	1.9479306431273642	silence                  	24
22    	1.930989837398374	小武                   	48
23    	1.9306140483383678	圣堂萌新0v0          	80
24    	1.9300530271398755	一叶菩提             	160
25    	1.9162233009708731	叽噜咕噜叽喽       	32
26    	1.9159725050916496	九方                   	32
27    	1.9146171657919113	Middag                   	96
28    	1.9058172230898889	kay                      	2169
29    	1.9036771120581595	DSCH                     	128
30    	1.9000889451956016	封兽鵺                	1593
31    	1.898040417209912	火哥                   	1376
32    	1.8963135652347254	夜幕遮星             	336
33    	1.892872547228091	只打八万             	3837
34    	1.8773223140495867	nmleague                 	16
35    	1.8729134466769704	佤熙紫                	176
36    	1.8681677148846956	Forenal                  	16
37    	1.8643191636887322	小天天err             	2609
38    	1.8573575389728871	游侠小卢             	1824
39    	1.8503734393161115	凯旋之愿             	904
40    	1.8416602150537635	Jing                     	16
41    	1.8364131489132391	日晕月华KBG          	176
42    	1.8361545623836126	ad2                      	16
43    	1.831434152279771	老张                   	288
44    	1.8312583316900022	SansGotLazy              	160
45    	1.8302087136164067	lhwayne                  	4440
46    	1.828713143872114	Ambitious荣             	32
47    	1.8121552748386625	laitedao                 	5479
48    	1.8108103225806453	铁铳王                	128
49    	1.8054186050492043	格兰                   	3852
50    	1.8053501037344397	西楚霸王某某       	64
51    	1.8051071183337146	鳗鱼                   	144
52    	1.8015000372353174	和平                   	4052
53    	1.8012256878407507	Fred460                  	256
54    	1.800302948058025	amyhu                    	348
55    	1.794000918101592	元喜莲                	1776
56    	1.7899023199023196	信教的coke            	24
57    	1.787752491318133	落殇                   	848
58    	1.7876430707876372	北京九十四中       	32
59    	1.7873094888469347	李风乐                	1392
60    	1.7835875576036866	Xx33272                  	16
61    	1.780160437037816	四喜                   	3828
62    	1.7675022421524662	胡牌大师             	16
63    	1.766728732566542	尾翼                   	2386
64    	1.7631812811519292	下张自摸真君       	176
65    	1.7591857264434991	傻哥哥                	8746
66    	1.7579037550290575	孟丽莉                	738
67    	1.757229380781882	小笨鸟                	5389
68    	1.755977948606894	菠萝吹雪             	2672
69    	1.751469696969697	三横一棵树          	16
70    	1.7500760353021036	ycrj                     	48
71    	1.7498963269200196	leenlover                	208
72    	1.7443636363636366	幽幽不玩游戏       	11
73    	1.7397421843234695	翔鹰                   	2944
74    	1.7374087250281525	圓點儿                	800
75    	1.7359554140127391	小香茶                	448
76    	1.7291617603330363	帽帽                   	112
77    	1.7265025515864212	Colanya                  	148
78    	1.7263472303429352	御剑飞行             	1311
79    	1.7245891544117642	小张同学3            	32
80    	1.7243822444041117	茗清流                	3356
81    	1.7238762168952162	青春的尾巴          	608
82    	1.7234404612159329	不爱飞的雕          	160
83    	1.7208616855681564	小白                   	160
84    	1.719398672970715	霸霸                   	4140
85    	1.7154282920469361	十二归一七对       	48
86    	1.713751233958539	xxxr                     	32
87    	1.7133685770750984	迫落                   	32
88    	1.7088018018018014	饼蛙                   	16
89    	1.7076782638649675	蒹葭                   	96
90    	1.7049490827405458	刘十六                	80
91    	1.7044358727097402	天清一色             	32
92    	1.703148148148148	三倍滿自動姬       	16
93    	1.7007640092185572	秀儿稳                	1552
94    	1.7006540198735318	捷尔                   	80
95    	1.7003676456143806	夏威夷吉他手       	976
96    	1.700275522348586	Falcao                   	488
97    	1.6985409276944063	ikun                     	48
98    	1.69167055496642	玄黄q                  	96
99    	1.691520743382766	哆啦a                  	536
100   	1.6883013833992093	超收敛模形式       	32
101   	1.6856835994194475	Hinson                   	1184
102   	1.685072682462817	陈光耀cgy             	783
103   	1.6847235023041474	上吉                   	16
104   	1.6801081492764656	big7long8                	128
105   	1.6796840009841403	Tibochapo                	1488
106   	1.674276008492569	白鳥汐音             	16
107   	1.6711297761700195	石井一马             	144
108   	1.6704223300970875	常陆茉子             	16
109   	1.6703465346534654	minji                    	16
110   	1.6686572684536454	Panda棒哒              	2864
111   	1.6645938933892261	Chaojisamoye             	587
112   	1.66308008008008	老王c                  	32
113   	1.6610277777777778	天然法师             	16
114   	1.6597262895174711	是小天才耶          	80
115   	1.6587617426155532	山浩然                	2024
116   	1.6577474771744354	M81                      	136
117   	1.6546999621642071	慕容彰                	84
118   	1.653758424053914	三无将                	64
119   	1.6515780487804876	喵喵机                	16
120   	1.6511022270901787	决绝玦                	88
121   	1.6497279046673285	本智                   	32
122   	1.64838455634019	洋山芋炒咸鱼       	208
123   	1.64829396144768	River                    	320
124   	1.648180664326222	萌新小笨鸟          	255
125   	1.647882096069869	丛寂                   	16
126   	1.6475023148148151	阿藥                   	16
127   	1.647023227383863	linkmoon                 	24
128   	1.643841121495327	artrain                  	16
129   	1.6432407597535934	迷途                   	64
130   	1.642462946693886	cidocron                 	2576
131   	1.6411279293123326	佩奇QAQ                	80
132   	1.638937997628325	光明之眼             	192
133   	1.6381428571428573	見えない             	32
134   	1.6349125   	Irkalla                  	32
135   	1.6342914349276978	茉莉鲨                	32
136   	1.6326302833813644	牌手                   	272
137   	1.6324712245051	一田                   	1799
138   	1.6303799363057325	凉风                   	98
139   	1.628401801801802	Enmity                   	16
140   	1.627812709030101	牛肉干干             	32
141   	1.62400717948718	山兔                   	32
142   	1.6235133873741099	小傻子                	128
143   	1.623460260723297	bangdoll                 	160
144   	1.6234250000000001	annayanami               	16
145   	1.6232446985181408	熵减                   	528
146   	1.6223216374269007	仓鼠                   	16
147   	1.621159306821981	Bob                      	3569
148   	1.6204984693877549	碰碰胡幺九刻       	64
149   	1.6201463963963965	Pius                     	16
150   	1.619902840059791	yyyyyyh                  	48
151   	1.619166864185825	ShovelKnight             	288
152   	1.619110973382047	越                      	2544
153   	1.6189355529495757	安宇枫                	648
154   	1.617185064446561	匃洗湘冯             	640
155   	1.6143350402340897	四角豆星             	48
156   	1.613141291715093	璃茉                   	192
157   	1.6115769506369437	细呷温酒6708         	839
158   	1.6115500661360327	HyZha                    	1460
159   	1.609082638888889	路可王                	48
160   	1.606643181818182	牢C                     	16
161   	1.6009023190442728	云淡风轻             	48
162   	1.5972646747752504	潮汐獵人             	128
163   	1.5958389854260078	zymmiwang                	472
164   	1.5949044399596373	白夜撞鬼             	343
165   	1.5940394859377902	Mikoto                   	1463
166   	1.5929266946925902	gadfly0512               	128
167   	1.5907490546579555	南宁正氣雀馆       	2096
168   	1.5896910561152975	蓝十                   	1024
169   	1.588359285258456	秋8LUE                  	48
170   	1.5878121156211564	馆长长长长长       	112
171   	1.5866203772189345	萌新11                 	176
172   	1.5865983436853002	srj                      	16
173   	1.5858399566473986	Ramoynd                  	96
174   	1.5841882352941172	东瓜帮主             	16
175   	1.5838768665850658	hong                     	2144
176   	1.583807065484179	余歌                   	2024
177   	1.5828689217758987	Hrl258                   	16
178   	1.5827864176212383	元原园神             	2480
179   	1.5789659881604767	诈和天地人和       	5798
180   	1.5784230565838175	遠坂見月             	64
181   	1.575631436314363	蔓蔓蔓蔓蔓蔓       	48
182   	1.5751493374902565	快乐人生             	416
183   	1.57493199167245	Deictic                  	48
184   	1.5748019417475725	CVB123                   	32
185   	1.5727818181818185	tlr                      	16
186   	1.5724087272727265	xixi                     	184
187   	1.571866321635951	星晴                   	519
188   	1.5715110619469024	灰毛团子             	16
189   	1.568453070667891	陌猪猪                	4920
190   	1.5681193921852385	顾浅辞                	48
191   	1.566296321998612	Kev1n                    	48
192   	1.5635858585858584	dmd                      	80
193   	1.561921697136943	输到想妈妈          	96
194   	1.5606173076923076	幽梦一帘             	48
195   	1.5589146785281038	朱雀                   	80
196   	1.5587970244420837	渋德安                	64
197   	1.5586990196078427	落樱焚雪             	136
198   	1.5584640428600847	三门齐                	5228
199   	1.5580864556416878	黑道代打つ          	304
200   	1.5573954659949623	北冥雪                	16
201   	1.5532302839116718	周周                   	32
202   	1.552342825981579	Alismatika               	272
203   	1.5503424947145876	Shangbeiya               	16
204   	1.5500505786194059	Randy                    	2397
205   	1.548765113334494	二                      	2624
206   	1.5464228003613398	Yuki琪琪               	2736
207   	1.5442478112387419	乌克兰                	2656
208   	1.543430861723447	叁壹                   	16
209   	1.5429638843613231	东方雁                	1957
210   	1.5399650205761315	GlassRod                 	80
211   	1.5397412513255568	Rain                     	32
212   	1.5387484143763213	西兰花                	16
213   	1.5373561577022072	Duke                     	1200
214   	1.5365714695019401	Candycane                	6316
215   	1.536298498675303	四四子                	224
216   	1.5353918076580584	小张同学2            	32
217   	1.5331106471816285	撒点小孜然          	16
218   	1.5327625088090202	artemis                  	176
219   	1.5324182371192328	frankie21                	2181
220   	1.5316399539877312	观自在                	1210
221   	1.5295899581589958	B站23129315             	32
222   	1.5290077944572746	渣渣夕                	112
223   	1.527346322883094	suliao                   	112
224   	1.5273169024045261	显卡                   	448
225   	1.5270340854536733	夜雨声烦             	128
226   	1.5269392212725545	quill                    	32
227   	1.5269339019189767	Eevee                    	16
228   	1.5255231674340424	吕布                   	907
229   	1.5233713769932802	真随机                	2675
230   	1.5231981409390634	随随便便             	400
231   	1.5226708817498285	秋秋                   	96
232   	1.5223764501456514	榕一                   	656
233   	1.5223459821428562	gggmouseee               	288
234   	1.5215853125310548	热辣小妈             	336
235   	1.5215055348149966	Weldon                   	9322
236   	1.5210525164113788	Lemo                     	16
237   	1.5200835885655959	eraofexp                 	776
238   	1.5196579081632655	Fayehe                   	128
239   	1.518821656050955	诈诈的胡             	32
240   	1.5185397314549849	Malkavian                	144
241   	1.5174715737951812	欧尼酱                	176
242   	1.5157893371757927	ssshamu                  	224
243   	1.5143517441860468	MarioYio                 	48
244   	1.5142778864970647	熊哥                   	32
245   	1.5131014134760534	江大麻将AI           	240
246   	1.5106780231154049	Szdzs                    	1530
247   	1.5094274010848763	对酒当歌             	4166
248   	1.5090922320147568	云糜                   	160
249   	1.507701991302358	tempestkou               	136
250   	1.5065878220140518	娄山关                	16
251   	1.505806142034549	木头小人儿r         	16
252   	1.5043516483516484	Weldony                  	16
253   	1.5034750346054966	后门概念神          	1328
254   	1.5029868351764089	Tortov                   	256
255   	1.5029225181598063	喵喵麦当当          	16
256   	1.5021164021164022	啊正本正             	540
257   	1.5000210049423393	郭橐驼                	80
258   	1.4993602015113359	GRandom                  	160
259   	1.4978947204388195	不羁的峰             	528
260   	1.4976870229007637	唐铭铭                	16
261   	1.4953198910290872	bluff                    	884
262   	1.4949410071942444	桃子                   	160
263   	1.494629800608978	myy                      	320
264   	1.494604718217562	小柒                   	368
265   	1.4946040428005447	周平                   	7118
266   	1.493898986518787	tmry                     	656
267   	1.4925300655457394	我勒个痛啊          	112
268   	1.4924764339706547	Virophage                	444
269   	1.4913513316971172	阿牛                   	736
270   	1.4910807525631546	梁森                   	296
271   	1.490724999999998	DankratosBR              	448
272   	1.4903394353087187	TNTzhakiller             	96
273   	1.489492597217266	lakeside                 	2624
274   	1.4894868421052632	一个没用的          	16
275   	1.4892425624073864	出道即巅峰          	272
276   	1.4883250907925645	欧偷袭圣手          	1232
277   	1.4865954210124648	咖啡                   	640
278   	1.4861058925853445	喵喵大笨蛋          	928
279   	1.4858451977401128	燚飞扬                	1504
280   	1.4833050122249387	Tony                     	48
281   	1.4816896330373386	十鬼蛇沃玛          	320
282   	1.4813812801101172	挂机1号               	48
283   	1.4811869274136718	轻铸                   	190
284   	1.4810264054514477	brilliant                	36
285   	1.4808594228398018	放浪雀士             	2392
286   	1.480836716901233	hamburger                	256
287   	1.4784873294346979	甜橙                   	16
288   	1.4771206513693562	诗人哪                	48
289   	1.4769259329061446	Aimp                     	728
290   	1.4768408551068883	x5y6                     	16
291   	1.475777302189067	悲秋客                	516
292   	1.4752675092153762	祖向格                	128
293   	1.474632393533122	赖格宝                	320
294   	1.4745266418835197	浪子燕青1974         	80
295   	1.4733597872775615	ZJLee                    	320
296   	1.4732854349951126	natsumikka               	32
297   	1.4715649249061336	管家婆                	208
298   	1.4710112580917536	龍龍想你了          	112
299   	1.4707191312624377	着相                   	4114
300   	1.4701301105682703	葫芦丶娃             	896
301   	1.468839624449128	LogicGhost               	176
302   	1.4685520596821289	SL七叶                 	200
303   	1.4677112810707458	TinkerBell               	16
304   	1.4664661517492048	gggluggg                 	144
305   	1.4652870190078815	中島由貴             	688
306   	1.4650272369697748	有限鲤鱼机          	6049
307   	1.4646015595989612	二狗狗不狗          	960
308   	1.463883702390282	David                    	4865
309   	1.4630571142284572	墨色清涟池          	96
310   	1.4630192307692305	xiaokiss                 	16
311   	1.462828885400314	茜空                   	96
312   	1.4615593831075233	rurukonod                	448
313   	1.4613698630136975	不吃葱花             	496
314   	1.4593840579710138	shizuku                  	56
315   	1.4592593014426727	决战机器人          	96
316   	1.459037243679889	猫头鹰                	5139
317   	1.458660329531052	齹                      	25
318   	1.4584984204984197	雾雾子                	288
319   	1.4580136004776745	pingan                   	496
320   	1.4577663248785753	Tricale                  	64
321   	1.4574421839680058	ShooH                    	192
322   	1.4565504032258065	saltyfish                	16
323   	1.4554825462012317	CuO                      	208
324   	1.4544571615434922	风雪奇缘             	112
325   	1.4530582120582118	白鸟翔                	16
326   	1.4530460691036555	zinv                     	64
327   	1.4517057902973396	大年糕                	48
328   	1.4517      	博涵                   	16
329   	1.4496717557251908	昵称                   	16
330   	1.4467943661971834	说说                   	32
331   	1.4466206052514463	LuckyTree                	3712
332   	1.4436836769178778	小米                   	96
333   	1.4432593416782575	dorie                    	336
334   	1.4425349956255458	pedro                    	448
335   	1.442012765957447	胜负师f               	16
336   	1.4412496003653805	总是学不会          	288
337   	1.4409854679802943	这牌听啥啊          	1328
338   	1.4400488294314382	超强力鸡翅          	48
339   	1.4394251042851731	ofor                     	88
340   	1.4393158888126278	peipei                   	192
341   	1.4391354838709676	不会七对             	80
342   	1.4388697196807474	发牌姬                	1374
343   	1.4380126016260164	祝                      	80
344   	1.4377604049493813	Appr2025                 	32
345   	1.4353457354884618	Cast27                   	320
346   	1.4352663964627863	K酱                     	432
347   	1.4327156537078194	灬                      	2864
348   	1.4320327868852458	邦德                   	16
349   	1.4317664783427493	TenyZ                    	16
350   	1.4311284829721358	吴下阿蒙             	80
351   	1.4308685258964138	数错番紫乌龟       	176
352   	1.4297477663560387	KNK                      	688
353   	1.4296929033749404	W凌焱                  	544
354   	1.4273396061871748	TYS                      	1448
355   	1.4270686784599373	sbyz                     	32
356   	1.4259181087929267	紫魔狐                	1227
357   	1.425520992366412	TMT                      	16
358   	1.423913271480436	Clay斯托瑟            	80
359   	1.4234315107102582	cslp                     	224
360   	1.4222571380671114	泡哥                   	2594
361   	1.4215226063829787	超薄也有距离       	48
362   	1.4210572000000001	Satori5                  	80
363   	1.4201013986013988	来吃莴苣吧          	8
364   	1.4191651602300739	jzjbest                  	80
365   	1.4186323271908605	晨三                   	792
366   	1.4185694717766488	蹦天使                	4678
367   	1.4176046977421703	麻将预防痴呆       	356
368   	1.417457916544596	柒柒                   	813
369   	1.4174554390563567	戮默                   	48
370   	1.4170988522769346	miracle                  	96
371   	1.4166947389679905	CatHikari                	328
372   	1.4160305829847162	业6forever              	6113
373   	1.4158183398522375	木木                   	72
374   	1.4158074792243764	Jamesqin                 	48
375   	1.4154830508474574	下等立直麻将       	256
376   	1.4147139632199082	lingtong                 	592
377   	1.4144511204481793	甜蜜桃花             	240
378   	1.4144299997903893	萌新大肥猫          	1576
379   	1.4140101441537634	Qaitq                    	112
380   	1.4133445143256462	我爱汉堡             	48
381   	1.4125809842331585	stonemason               	64
382   	1.412576767676768	CKLm                     	96
383   	1.4121487225259404	吃了再日             	288
384   	1.4109173203307188	足立レイ             	304
385   	1.410392793562631	calzhulator              	912
386   	1.4097680310498386	陈杨飞雅             	1365
387   	1.409128364389234	小邓                   	16
388   	1.4071302227940676	lagrange1013             	3419
389   	1.4070227696404793	令狐封                	256
390   	1.4061146025878004	阿橘ovo                	16
391   	1.4058702928870295	zaqcxy                   	16
392   	1.4056283716283717	立直大王             	128
393   	1.405461662505202	ChloeZ                   	624
394   	1.404468053306763	璃月雾社             	256
395   	1.4042219496021215	沧九                   	496
396   	1.4040535132839411	Krtecek                  	1401
397   	1.403856179775281	cdg                      	112
398   	1.4032976841837348	雅屁                   	2024
399   	1.403075118429956	八番就好             	864
400   	1.4024156260006406	wyy1990                  	208
401   	1.4024014006634724	我爱看评论          	96
402   	1.399402999062793	LuckyGame                	32
403   	1.3992319109461968	欣er1                   	16
404   	1.3981332644628095	BLG首席打野          	32
405   	1.3978903936439153	杜衡                   	192
406   	1.397431089743589	我是好人             	921
407   	1.3972653879686132	北条沙都子          	192
408   	1.396992992992993	吕伦                   	32
409   	1.3961600473954439	德之邻                	760
410   	1.3952516425755581	组组组组合龙       	48
411   	1.395006487134758	nsbs                     	592
412   	1.393122760451228	四月墨封             	48
413   	1.392780369290573	呜喵喵喵恒          	64
414   	1.3919337619325933	FanYan                   	176
415   	1.3919251419721215	Melody                   	128
416   	1.3914655338249446	菲利                   	96
417   	1.3908943196451562	音律                   	1173
418   	1.390555918414116	量子限域             	1720
419   	1.3897917508355668	小孙看电视          	1840
420   	1.3886876880083983	休息1下玩1会        	1832
421   	1.3882796762589937	rzddmx1                  	112
422   	1.3873519369665137	仔恒                   	48
423   	1.3864475083539152	云栖花间             	1184
424   	1.3858033734939756	Oracle                   	64
425   	1.3854059128183018	keke                     	928
426   	1.3851027919275152	鸟苷三磷酸          	3319
427   	1.3850287595753248	小黑白                	240
428   	1.3850000000000002	萌薪996                	16
429   	1.3848545415503548	诸光                   	768
430   	1.383541800643087	M7t11                    	96
431   	1.3834901153212518	弃月                   	203
432   	1.383457527259936	我是时光啊          	376
433   	1.383330247956219	吾愿汝                	496
434   	1.3832004357298475	H41DA1NY4                	16
435   	1.3828263197910804	艳阳天                	1002
436   	1.3819289542840791	贯                      	2552
437   	1.3816301080938564	SherWu                   	380
438   	1.3814859903381642	SpireSleeps              	32
439   	1.3809359782093775	襄下樊人             	4252
440   	1.3805352889606883	张丹丹                	3312
441   	1.3804834251473854	bagua                    	336
442   	1.3804377576257214	小白薯                	40
443   	1.3802735785953184	kiriha                   	48
444   	1.3800031991576895	阿珊                   	784
445   	1.3798082678638235	渣宝                   	176
446   	1.3776334286504943	蒙题王                	368
447   	1.377338137371157	sm                       	352
448   	1.3761468302658488	萌新大土松          	80
449   	1.3758330600685649	木木夕                	224
450   	1.3756699867197872	调皮的猴子1         	192
451   	1.3756202071695858	絲絲                   	1232
452   	1.3754702602230484	甘蔗                   	16
453   	1.3749341054865944	日月星辰帅哥       	725
454   	1.3748036571850755	无机盐                	176
455   	1.3741576955424726	zhozho                   	144
456   	1.3736646981627294	凛风寒梅             	96
457   	1.3731677307022634	食卓塩                	48
458   	1.372208053691275	Yawncat                  	16
459   	1.3707890134102236	耳朵老师             	2403
460   	1.3707758284600389	V0Ghost                  	16
461   	1.3705039971777202	青椒牛肚炒饭       	5205
462   	1.3689959349593497	kaorukoL0Ve              	16
463   	1.3685051334702258	Sky                      	32
464   	1.3681037624040795	和绝张                	3300
465   	1.3675783349869217	沮望                   	384
466   	1.3670467836257307	小E                     	208
467   	1.3660505346232186	黎黎                   	510
468   	1.365089226973684	huer                     	80
469   	1.3645609958506226	老歪子                	80
470   	1.3627597424601832	Sakura                   	96
471   	1.3623372054430796	Kagami                   	208
472   	1.3619967728055087	zyl                      	304
473   	1.361549605324253	猫记饭团             	208
474   	1.3613525166191838	塔菲                   	176
475   	1.3609144021739132	源代码                	48
476   	1.360474347549333	阿升                   	520
477   	1.3604276828368975	唔C迪C                 	1040
478   	1.3603634469315058	清風不歸客          	496
479   	1.359760381211709	木之心                	48
480   	1.3595874912157409	追寻                   	48
481   	1.3586978947368418	落影折桂             	32
482   	1.3584755158607948	开一不心的          	320
483   	1.3579949622166247	拓                      	601
484   	1.357823312373332	吴下阿濛             	656
485   	1.3575252321356472	reswa1                   	320
486   	1.3560851503327978	F8                       	144
487   	1.3556732051405942	雪梦可可豆          	1024
488   	1.3547348643006265	Oscar                    	16
489   	1.3519859424920126	友相伴                	48
490   	1.351906832298137	墨风镜花水月       	16
491   	1.3515978975032854	三只大土鳖          	176
492   	1.3513053613053612	月曦                   	112
493   	1.3511882591093116	花散峪山人考       	16
494   	1.3509825097898132	昏睡猫                	2416
495   	1.350712    	xianxin                  	16
496   	1.3501695809248555	YstarXing                	462
497   	1.3499482071713147	无番胡连六          	16
498   	1.349881742738589	年少翩翩白虎       	32
499   	1.3472036059434067	ikun鸡打王            	3680
500   	1.3467212244601177	天野ヒトミ          	480
501   	1.3466257069408742	Nemesis                  	64
502   	1.3463635504201683	AmaneCh                  	304
503   	1.3451637337413929	天地不照             	168
504   	1.343911533138914	小老毕                	4283
505   	1.3438555899575961	ferry                    	960
506   	1.3437518389903291	阿亮                   	880
507   	1.3433767056530213	Adrian105                	64
508   	1.3433294964028777	THRIVE                   	48
509   	1.3431149200130592	biu                      	96
510   	1.3422736412146572	鬼手大师兄          	2376
511   	1.3416298740848456	举个栗子             	2612
512   	1.3411136476426797	长崎爱爱音          	64
513   	1.3407617109568264	L香味                  	416
514   	1.340591826686362	PureTea                  	68
515   	1.3405678974671962	深海大菠萝          	112
516   	1.3404882255389725	ohmymy                   	96
517   	1.3398706576276367	花君子                	1757
518   	1.3398549125613726	鸡神教信徒          	592
519   	1.3390417262756318	歳納京子             	136
520   	1.3390343358854435	臣服                   	1311
521   	1.3384297595750625	逻辑猫                	960
522   	1.3371834624646637	Jvruo                    	1284
523   	1.3371038470616001	OGGG                     	144
524   	1.336651055174168	烦了就打男人       	1318
525   	1.3365803848147346	嘻嘻哈哈             	3120
526   	1.335515715363339	JN                       	256
527   	1.3337158848614075	吱吱sama               	64
528   	1.3335208102462863	牧羊人                	4841
529   	1.3332505053868293	铃声末响             	2704
530   	1.3315693069306929	不破爱花             	16
531   	1.3307848539436946	二策                   	908
532   	1.3303466042154566	嘉瑜之秋             	16
533   	1.3294589540412045	臭象                   	96
534   	1.329202103187644	凤梨酥xxx             	96
535   	1.3290514955288315	阳光男孩             	104
536   	1.3278358862144422	绝不认输             	48
537   	1.3269377549210852	自然醒                	192
538   	1.3263888184985755	guanzhu                  	208
539   	1.3252849591542526	RimanC                   	64
540   	1.3251482929371905	Mercy                    	128
541   	1.3241406462585037	星月城                	192
542   	1.323932425617751	菠萝自闭了          	64
543   	1.323860063897764	Rich                     	144
544   	1.323275471206461	萌新小精灵          	1552
545   	1.3224496175590277	妙手捞月             	576
546   	1.3221076086956516	博博巨奈斯          	64
547   	1.3215912717034262	英格兰巫师          	144
548   	1.321527997843807	龙lwf                   	4093
549   	1.3213784740980847	全效进张             	528
550   	1.32003421030292	看雪飘过             	5021
551   	1.3196178728217836	yyyyy                    	1216
552   	1.3192843992248064	蓝岚                   	64
553   	1.3174532997149742	葛天帝                	288
554   	1.3172405390483872	长风                   	2596
555   	1.31711269499731	杜双龙                	112
556   	1.316841573631047	Aspartic11               	64
557   	1.3163772919605081	英子刘梓鑫          	48
558   	1.3163550983899823	小张同学             	32
559   	1.3158515625000002	小学生                	160
560   	1.3158397819438907	淡定哥                	252
561   	1.315691045205874	qixian96                 	112
562   	1.3156696770046594	風林火山             	1056
563   	1.3147870239774329	Aurora                   	48
564   	1.3145089176310418	volknet                  	241
565   	1.3143561188447954	红酒味汽水          	160
566   	1.3143205574912893	楚天危楼独倚       	16
567   	1.3142778912954645	五指毛桃             	80
568   	1.3136973559322038	月明天朗             	240
569   	1.31264334365325	汐楚三月             	272
570   	1.312459147869674	晚晴                   	64
571   	1.3122383443094583	卢YYY                   	1383
572   	1.3116368829049365	Tilams                   	80
573   	1.3115919654714474	michalek                 	96
574   	1.311453067193096	歌彫                   	2311
575   	1.3113469035708134	地底探险             	560
576   	1.3108475059866525	翎刻                   	640
577   	1.3108348504551368	崇灯                   	96
578   	1.310609756097561	南风                   	32
579   	1.3105477784540478	沐光重生             	208
580   	1.3102288261515598	落青                   	160
581   	1.309991175290814	不要南风             	80
582   	1.3089137931034485	chopper                  	16
583   	1.308597678916828	sauluo                   	16
584   	1.30846943558612	哎呦我去             	1712
585   	1.3084201592936169	火鸡                   	1092
586   	1.307925350795135	小犬卡西             	704
587   	1.3076069364161849	ZJU国标分队2         	16
588   	1.3074125874125875	summer                   	80
589   	1.3070307783955515	kgrox                    	320
590   	1.3066013339574059	Masion                   	576
591   	1.3065453080950464	字一色小四喜       	80
592   	1.3064198653014285	酱油蛙                	3056
593   	1.3061513668758638	拾陆                   	304
594   	1.3059131685820924	小龙女                	5863
595   	1.305196581196581	诸葛长青             	16
596   	1.305167785234899	铅铱                   	16
597   	1.3049879275653922	void337                  	16
598   	1.3048183206106874	伪随机                	128
599   	1.3046773966842153	海狼李林             	2886
600   	1.3044329401485368	KomeijiMarin             	144
601   	1.3037344262295076	风雨两重天          	48
602   	1.3032436383324308	木辛子                	720
603   	1.3031385526800638	时尚                   	1160
604   	1.3018384031904895	国家二级废物       	832
605   	1.301316967509025	PP大公主              	48
606   	1.301147529845676	Hydra                    	336
607   	1.3008155339805825	xlfd                     	32
608   	1.3008018247685496	氟磺酸镍             	748
609   	1.3005670154459392	宇笙                   	64
610   	1.3002801412897358	蓝天skyhuner           	1056
611   	1.2999506900033657	清风明月             	192
612   	1.2992715765247411	流觞                   	32
613   	1.2988216612770884	初见亦别离          	688
614   	1.2985866569978244	Simba07                  	48
615   	1.2984521422502726	sdmt                     	1352
616   	1.2983077957893312	幻雪                   	495
617   	1.2981086443079828	Xiaopp                   	64
618   	1.2973691099476439	雪哥                   	80
619   	1.297062447761194	QinNai                   	272
620   	1.2968772646350395	洛阳yy                 	320
621   	1.2967122437971956	Lyun                     	240
622   	1.296329736988331	Imple                    	720
623   	1.2961782051282047	Feira                    	208
624   	1.2959897246718712	全求人                	2080
625   	1.2957787930706262	我叫叶荣添          	174
626   	1.2956295509708737	Ahnenerbe412             	219
627   	1.2954513108614232	胡伊卓                	16
628   	1.2953716224868737	Nowherecsb               	256
629   	1.2948000987735648	正确每一打          	2012
630   	1.294551532033426	止匕小幺             	32
631   	1.2943671625929865	linsaiya                 	64
632   	1.2934803462047206	卡卡                   	2621
633   	1.2925995975855133	大哥大的小弟       	400
634   	1.2921724770642202	rainhard                 	16
635   	1.2921576354679802	缄默德克萨斯       	80
636   	1.2918811581676743	逍遥星空             	224
637   	1.2903431468888806	吸烟酱                	853
638   	1.2899933628318585	轩挺                   	48
639   	1.2890175666116483	阿德南                	287
640   	1.2889337474120084	ghz的打手             	16
641   	1.288747000895255	dz                       	192
642   	1.2886631048387098	克兰娜德             	320
643   	1.2880452722063038	深圳柿子吉他       	112
644   	1.2876422915093286	追影                   	1532
645   	1.2876011674751295	紫翅                   	400
646   	1.2875127911124689	欧宸羽                	1264
647   	1.2870116163292402	魔鬼上路             	96
648   	1.2867233949513026	crp233                   	816
649   	1.2860848849945234	皮皮161616             	64
650   	1.285760698365527	和光同尘             	432
651   	1.285647037572254	超级七对怪          	272
652   	1.2838021211275477	球1234                  	120
653   	1.283749324762317	漆黑似夜             	2448
654   	1.283405659465	Tiger                    	1696
655   	1.2829796834396423	冰雪看看             	3513
656   	1.2828107569721117	绿一色LLFF            	16
657   	1.2824512635379064	白晴                   	96
658   	1.282041573867855	FrAtk                    	48
659   	1.2817683134582625	林零柒                	96
660   	1.2814987798926283	冰雪羊之角          	894
661   	1.2814721729142726	vicky                    	944
662   	1.2797895923351488	要来点智乃吗       	176
663   	1.2795812379110252	jjh667                   	32
664   	1.2788849827151796	不知苦                	1122
665   	1.2783437499999997	supmary                  	80
666   	1.278151314475872	紫电改二             	1007
667   	1.2773552103079364	麻哥                   	2496
668   	1.2769872495446266	Yangyumao                	16
669   	1.2765898025575408	独钓                   	8121
670   	1.2764539044136838	littleWeber              	240
671   	1.2761373873873871	一蓑烟雨             	64
672   	1.2750775805391152	贰山山                	2384
673   	1.2747802714158976	加油各位             	976
674   	1.2747589071441756	pisces                   	1944
675   	1.2735950411042025	水色如烟             	2460
676   	1.27311865745311	滑稽是内鬼          	336
677   	1.272980302212629	UsamiRenko               	119
678   	1.2729127439724455	月与星空             	82
679   	1.2725655270655272	克己小75              	48
680   	1.2721966548639578	萌新大脸橘          	703
681   	1.27204821802935	木子十甫寸          	16
682   	1.2717122004957304	七七yaa                	112
683   	1.271710554951034	普通怪兽奇卡       	32
684   	1.2712673471603868	聆风秋邻             	608
685   	1.2709628865979379	FelixCs                  	16
686   	1.270956067184645	到底是谁             	576
687   	1.2701315003446425	奈芙莲                	448
688   	1.2683961225663356	TyrusYip                 	384
689   	1.2678180567497848	在原七海             	196
690   	1.2676291473930663	MKimiSH                  	1120
691   	1.2676139753801605	平和                   	476
692   	1.2674645441389285	玖骍                   	112
693   	1.2674548635409375	萌新小白             	48
694   	1.2673247256294384	小华                   	48
695   	1.2671156841530171	吴三牛                	3150
696   	1.2668218600420775	希岸子                	3622
697   	1.2666735530912956	平和達人             	208
698   	1.2665455455455454	王牌小管             	32
699   	1.2656928886091883	咕咕咕1               	96
700   	1.2656342881757487	打雀青年             	304
701   	1.2655705353653768	山楂9                  	80
702   	1.2629515514425695	半成                   	64
703   	1.2627914285714286	一色三龙会          	48
704   	1.262520833333333	ALF                      	16
705   	1.2624244897959183	softhuang                	32
706   	1.2621664804469273	Esx                      	32
707   	1.262065420560748	suzuya                   	48
708   	1.2620157550535072	山不言                	336
709   	1.2614429400386848	仁言否                	128
710   	1.2613421697660792	冰印神座             	1247
711   	1.2611819887429645	南风月明             	16
712   	1.2609552149083258	奶瓶                   	112
713   	1.2603393124065767	悠雨丶浪淘沙       	283
714   	1.2602408906882587	明石                   	16
715   	1.2602095088819225	NotANumber               	64
716   	1.2597725820439094	八九胡十万          	2882
717   	1.2588267427639626	黄腾                   	80
718   	1.2579952078960623	我来辣                	4396
719   	1.2579778988979398	摇摇奶昔             	560
720   	1.2572514035327949	ExplodedCT               	240
721   	1.2570369217711141	Buffon                   	4260
722   	1.256700636942675	这是一个小号       	16
723   	1.254664835164835	闲月                   	32
724   	1.2542869565217392	打国标第一天       	72
725   	1.2542033653290168	相约四季             	576
726   	1.2540023826979472	QryanQ                   	176
727   	1.2539166666666666	木叶                   	16
728   	1.2537509842519687	qxbk                     	32
729   	1.2534670879410221	bits                     	128
730   	1.2524459603212588	茗芮里                	1280
731   	1.2524375271715502	玖柒、97              	1520
732   	1.2523687353458366	xkfy                     	912
733   	1.251979539391205	小三元                	16107
734   	1.2513167701863352	lhylx                    	16
735   	1.2503314752879966	Pluis                    	528
736   	1.2500993970601175	念起觉迟             	1456
737   	1.249084860318414	北部玄驹             	208
738   	1.2486054923784178	pyy                      	272
739   	1.2484079763663216	只和三步高          	112
740   	1.2468691712974136	InvisibleP               	272
741   	1.245691561742395	宽心                   	421
742   	1.2434516716673814	逃课的安             	576
743   	1.2422153988107447	Toriel                   	328
744   	1.2419462571976965	一叶知秋             	48
745   	1.241178959531013	浪漫                   	4762
746   	1.24094336147804	国标小渣渣          	5619
747   	1.2408443116850718	国麻萧寒             	8972
748   	1.2407996207332492	技零运十             	256
749   	1.2402896353953299	羽之野                	80
750   	1.2387133850630456	我最逍遥             	64
751   	1.2383387962006007	魔法少女寻笺       	684
752   	1.2380414728682174	大米                   	256
753   	1.2378634538152606	MakiYu                   	32
754   	1.2377319194061516	还在流浪             	624
755   	1.2373565840938723	ZJU国标分队          	100
756   	1.2372887747368433	FMA                      	3891
757   	1.2368519792251538	旗客                   	480
758   	1.2366781829814462	黎子糕                	48
759   	1.2364000000000002	rkcd                     	16
760   	1.2360546596858633	风语                   	160
761   	1.2359400837988832	自摸全求人          	240
762   	1.2355954016049118	台风                   	1340
763   	1.235499263622975	无关烟尘风月       	43
764   	1.2353754160745454	小玖                   	7052
765   	1.2352893257749413	盛年莫当             	4044
766   	1.2350549229738776	橙留香                	384
767   	1.2345093273778247	James                    	240
768   	1.2344449657163474	雀蛏                   	362
769   	1.2344421832915125	过油肉拉面          	1389
770   	1.234393115942029	纪清欢                	32
771   	1.2340963749600755	kiki                     	848
772   	1.2331647727272728	国标咸菜             	16
773   	1.2330911293922582	马赛小回旋          	528
774   	1.2329713721618953	冥小喵                	32
775   	1.2323055058534846	StevenCai                	637
776   	1.2308183273309328	Melacau                  	80
777   	1.230571257699899	苏小弱                	555
778   	1.2303455382300457	t2004                    	2180
779   	1.230247947454844	可爱小灵梦          	64
780   	1.2300657340553538	马戏团长             	456
781   	1.2299458996094872	麦麦                   	700
782   	1.2296352213605592	拈牌一笑             	1341
783   	1.2294930902334227	伯德                   	280
784   	1.2289880789175645	saltydog                 	544
785   	1.2281732108929695	空想少女             	1660
786   	1.2278444654683056	滚烫小豆浆          	1611
787   	1.2276293622141992	晚终                   	109
788   	1.226614611519134	六百六十六          	80
789   	1.2265673076923078	只和平和             	48
790   	1.2264006975789907	NCO                      	160
791   	1.2263045123125613	bdbw99                   	1440
792   	1.2259909477437942	lalulu                   	240
793   	1.2259239121425611	长崎素世             	411
794   	1.2258740074113281	雀游屋皮皮          	64
795   	1.2258539094650207	Altros                   	48
796   	1.2258427361993005	魂魄                   	1888
797   	1.2250417925478354	记忆里的炎夏       	64
798   	1.2247270788912579	Fervidstar               	16
799   	1.2245234265188196	明薪99                 	432
800   	1.224013481071099	zacian                   	176
801   	1.2239464668094215	parrot                   	32
802   	1.223914978035992	luoshen                  	464
803   	1.2234100874243452	小柒zZ                 	240
804   	1.2231708118254352	WMWMWMWMWMWM             	976
805   	1.2228645884072087	小凯凯                	64
806   	1.2227916666666665	貔貅送分童子       	16
807   	1.2226646928201335	马庭芦花             	144
808   	1.2226454131793882	依万苏                	5362
809   	1.2225745454545454	是大侠吖             	16
810   	1.2218169107856196	爱喝水的思          	96
811   	1.2216440238300665	菜鸟坟墓             	5645
812   	1.2216126146276014	呵呵哒                	144
813   	1.2215258264462812	ok小子                 	32
814   	1.2212258404944971	笨笨                   	224
815   	1.2211583297085686	三暗刻刻刻          	80
816   	1.2207554080296255	BrilliantIME             	736
817   	1.2206964601769918	羡鱼                   	192
818   	1.2206166592210528	Kiwi                     	1572
819   	1.2205397876506292	云出无心             	2076
820   	1.2203771716446663	章无律                	2480
821   	1.2186651212081072	琉璃                   	240
822   	1.2186064718162841	冰极风舞             	32
823   	1.2180549175234998	仓田真白             	1664
824   	1.2177883895131079	渣不多德勒          	176
825   	1.2174801558819965	浮光                   	6250
826   	1.216883581235698	心中的太阳          	112
827   	1.2164207589285718	手下马上送和       	96
828   	1.2163933726622327	笔锋微凉             	256
829   	1.2161629863603727	江海寄余生          	1136
830   	1.2158371130513663	Sablinbot                	592
831   	1.2157851703406812	白龙小熊             	80
832   	1.2151336465875817	知不可乎             	416
833   	1.2150599311601544	宫村宫子             	336
834   	1.2148909952606635	黄英似蛭             	16
835   	1.214478933929141	Yu                       	208
836   	1.214352619589977	胖子zzz                	144
837   	1.21409266633991	YOLO                     	2160
838   	1.2138242864647186	萌新大黄蜂          	384
839   	1.2137121737121725	沉默的西风          	288
840   	1.2133689353099733	Freezle                  	192
841   	1.2132054507337526	锦亚澄                	32
842   	1.2121811382113825	Acylation                	96
843   	1.2120077821011674	HReimu                   	48
844   	1.2117511210762333	闪电                   	16
845   	1.211672523254097	抱米花哦             	224
846   	1.2111170526033999	WR                       	2523
847   	1.2109924492685227	阿飞                   	272
848   	1.2109225563909762	Jencese                  	6933
849   	1.210889042039972	多情龙井             	48
850   	1.2105703726700663	lidai                    	2760
851   	1.2099864146485533	陈楠                   	3228
852   	1.2097487135506	柒分                   	80
853   	1.209287911009325	PlanB                    	192
854   	1.2092260612043435	好想线下国标       	32
855   	1.2090703009991557	Eric                     	2076
856   	1.2088221969911994	小萧潇笑             	576
857   	1.2087501023331972	Cai                      	160
858   	1.2084156047265975	就想摸摸鱼          	1136
859   	1.2083772819472618	单一                   	16
860   	1.2079693844752775	大王八                	1264
861   	1.2065764968895798	祁连祈知             	336
862   	1.205911852997362	杠开三条             	368
863   	1.2057770128131575	算符                   	176
864   	1.2056369863013705	常青                   	208
865   	1.205053304904051	qyjwty                   	32
866   	1.2041395816572802	GYIMGY                   	80
867   	1.2035640541931065	超硬大七星          	192
868   	1.2034848561332665	追星逐风             	128
869   	1.203274270557029	青椒                   	684
870   	1.2032412954106897	油泵                   	400
871   	1.2028562543192811	白羽寒                	48
872   	1.2026875842155917	浅葱狐冢             	176
873   	1.2026264164305953	巧思                   	96
874   	1.2015237068965516	只道是寻常          	16
875   	1.2007744203126633	ua                       	304
876   	1.2004678270042195	HiramHe                  	64
877   	1.198094936708861	LZN                      	48
878   	1.1978557135334391	fyiak                    	192
879   	1.1978418708240537	Tin仔                   	32
880   	1.197541637111647	祥子大叔             	464
881   	1.1974527784913096	二阶堂真红          	400
882   	1.1973502585801594	RBsq                     	272
883   	1.1971099365750528	玖月                   	16
884   	1.1958066871975361	风的思绪             	384
885   	1.1956196926282885	杠上补花错和       	480
886   	1.1952418501779014	AvaMax                   	336
887   	1.1950335792025604	小蚊子                	2560
888   	1.194447584320876	缥缈qwq                	608
889   	1.1944187643020592	疯狂宝贝             	16
890   	1.1939293091771077	liuachun                 	400
891   	1.1939131994261114	硅基生命             	224
892   	1.1937418319719952	YK712                    	224
893   	1.193493255443441	SunnyWong                	320
894   	1.1934922882065762	miaomiao                 	1621
895   	1.1931380048187727	阿月                   	3800
896   	1.1925025896385903	Mo鱼                    	2308
897   	1.1913275378622552	山丹丹开花          	3917
898   	1.190339075590697	lxl0319                  	1771
899   	1.1902905115555784	ysrs                     	2452
900   	1.1902740382165589	Matter                   	1264
901   	1.1900757637474544	Star                     	80
902   	1.1897750841750843	MrLiu                    	48
903   	1.18931626984127	竹井久                	80
904   	1.1888900945143268	尚恩                   	2368
905   	1.1886041576440018	EndlesS                  	80
906   	1.1884857528241437	cccccc                   	576
907   	1.1877366255144037	Muigi                    	48
908   	1.1877061403508773	奋豆王                	16
909   	1.1868762567463893	大仙人                	2556
910   	1.186681307456588	正气明凝             	64
911   	1.1858305084745762	流浪月光             	16
912   	1.1855890201767612	秋季                   	12345
913   	1.1855869401874204	关关雎鸠2024         	2312
914   	1.1850154061624645	Maintain                 	144
915   	1.1847974683544304	cyy                      	32
916   	1.1847106145802493	国标菜鸡             	2016
917   	1.1844421906693712	可爱小花花          	16
918   	1.1841060057887123	Bourbon                  	96
919   	1.1840514918190563	Yu無礼                 	144
920   	1.183852475247525	晨昏对峙             	32
921   	1.1836994712010391	深的蓝                	1072
922   	1.1834852803300218	墨辰                   	176
923   	1.183279656979514	庄寒雁                	64
924   	1.1831108161145105	桂雏菊                	288
925   	1.1830769656189497	pzhyjz                   	368
926   	1.1830274588306389	萌新99成              	861
927   	1.1826252734071834	楠枫溪                	464
928   	1.181866838211644	黑泽咲                	96
929   	1.1816205179282868	小熊老师丶安       	32
930   	1.1813541876892026	dama王                  	32
931   	1.1812150984009837	孤山战士             	208
932   	1.1811667244367412	万俟北辰             	96
933   	1.1810067226890755	molan                    	16
934   	1.1808493253373313	rapid                    	80
935   	1.180234673680918	专打Jencese            	1264
936   	1.1800720554773005	丰川祥子             	313
937   	1.1795329618286867	我是战神             	2108
938   	1.1787700205338807	Frank                    	16
939   	1.1775086346863468	阿寒                   	224
940   	1.1774253028263795	awei                     	48
941   	1.1768270929743379	鲤鱼号                	80
942   	1.1765118279569893	Tomcat                   	32
943   	1.1765074921135652	夜雨桥                	80
944   	1.176045918747671	angu                     	448
945   	1.1759766064005577	三点水                	6590
946   	1.1758006969193004	一碗小甜粥          	2096
947   	1.1746140362394961	fmu小木                	505
948   	1.1745764328289783	桂茹                   	352
949   	1.1743851639049914	刘十三                	1280
950   	1.1742194469533798	PetrCech                 	972
951   	1.173292523652816	一起去前行          	3208
952   	1.1731650401423017	博博                   	672
953   	1.1723225162256619	INFP                     	64
954   	1.1720330188679247	把把胡                	16
955   	1.1715343581989246	伊尔                   	368
956   	1.1712529411764707	名字不重要          	16
957   	1.1708801287594879	hrb                      	2048
958   	1.1701243124312428	内部号                	32
959   	1.1701143575708273	矮胖诗客ll           	448
960   	1.1701063829787237	方片杰克             	244
961   	1.170104793834327	浓眉小眼             	7602
962   	1.1695744832501782	无忧                   	48
963   	1.168798833819242	秋名山丘比          	32
964   	1.1687331189710606	东东麻                	68
965   	1.1686573405535499	空折花枝             	112
966   	1.168568663379532	伯约2                  	1024
967   	1.168409361702128	leverid                  	80
968   	1.167760912336954	zdd                      	904
969   	1.1675012391404993	理论力学             	1259
970   	1.1675007422068282	日安夜愿             	64
971   	1.1668195908245507	一丶丶丨             	48
972   	1.1662859960552265	lwyshawn                 	16
973   	1.1661567321178123	Trin                     	96
974   	1.1657467194334517	JerryK                   	160
975   	1.1654902468591584	桀桀子                	608
976   	1.1653588709677418	eco                      	16
977   	1.1649838920168534	小虫鼬                	880
978   	1.1648391342497804	科大                   	112
979   	1.1647163443306794	sanse                    	528
980   	1.1644513189718209	樱花Judy               	1196
981   	1.1643642177064089	提纳里                	240
982   	1.1638197530864194	NaOH                     	312
983   	1.1632749529190207	IO                       	16
984   	1.1629895549941704	Gompyn                   	648
985   	1.1629228893276036	椎名真白             	567
986   	1.1628419847328246	Kay1212                  	48
987   	1.1626561643835616	Weltraumhund             	48
988   	1.1625259117082534	自古以来             	16
989   	1.1624860499265792	LogY                     	256
990   	1.1623444707392405	duncan21                 	855
991   	1.1623324580303454	涛                      	1454
992   	1.162112244897959	光睿                   	16
993   	1.1619491155588533	念天地之悠悠       	3024
994   	1.1613761229314417	妙也                   	272
995   	1.1597455770850895	星云                   	2718
996   	1.159162414395058	海风                   	492
997   	1.1587720855020445	菜籽的菜             	3264
998   	1.1584097087378642	检查绝张             	16
999   	1.1582938155360578	浅                      	160
1000  	1.1579255691768824	coco                     	112
1001  	1.15770589086175	Kuma                     	912
1002  	1.1576775362318843	祈桜                   	32
1003  	1.1575379537953792	WLSTALIN                 	384
1004  	1.1569026610037263	姬攻千歌音          	384
1005  	1.1561701576333407	pakake                   	304
1006  	1.1559943417704592	暗刻来了             	2064
1007  	1.1555432408928406	Felix                    	344
1008  	1.1549908256880732	kulin                    	48
1009  	1.1536794011544027	琳雨空                	928
1010  	1.1534603524229075	modayo                   	32
1011  	1.1530599868160845	CXZ                      	48
1012  	1.1529270152505449	加藤黄瓜             	32
1013  	1.1527579488223003	糊涂蜜蜜             	1328
1014  	1.15250713697502	南桥s01                	240
1015  	1.1524517672623038	梅梅梅梅             	1472
1016  	1.152111627426684	Jencese2号              	320
1017  	1.1520463356974016	diaryw                   	1056
1018  	1.1510935260160404	白开心                	852
1019  	1.1503013408609737	孤影                   	48
1020  	1.1498125   	乾澜                   	16
1021  	1.1497397260273972	珈蓝                   	16
1022  	1.1488557013118064	渡鸟                   	64
1023  	1.1487601019885256	猫猫今天吃啥       	2722
1024  	1.1485419328530646	马砻                   	240
1025  	1.1483625254582486	篝                      	16
1026  	1.1480150212471583	Reisen                   	345
1027  	1.1477323148455671	泷泽和典             	296
1028  	1.1473536455561466	宗门天骄             	128
1029  	1.1473315347721813	liqiu                    	224
1030  	1.147322435782289	辕                      	176
1031  	1.1468960931005818	shiro                    	80
1032  	1.1465523613963036	何文文大人          	16
1033  	1.1464041666666667	小星星星君          	16
1034  	1.1462919222546701	雄关迈步             	2368
1035  	1.1461955046649703	三饼发牌姬          	312
1036  	1.1458818433275935	Albus                    	608
1037  	1.1453890593047034	Bullshitmatt             	64
1038  	1.1452267604844135	冰雪分类             	2384
1039  	1.1449261393537533	xiong                    	2533
1040  	1.144871767406272	小熊摊手             	853
1041  	1.1447105359409613	新建文件夹          	1536
1042  	1.1440546184738953	日暗地旱             	80
1043  	1.143818694381085	青花鱼尾             	2064
1044  	1.1435487134816396	Nff                      	496
1045  	1.1435356435643567	柒七                   	32
1046  	1.1431084199979293	北宸星落             	944
1047  	1.1424336793540948	一个二毫半          	32
1048  	1.141898291293735	冰蓝雨晨             	128
1049  	1.141523928422805	千叶流心             	80
1050  	1.1415220729366604	一听就和             	16
1051  	1.1414588583573717	bonbujour                	880
1052  	1.1411874396135264	诗羽                   	32
1053  	1.1410998307952622	落夏                   	272
1054  	1.1408903990746095	困了喵                	112
1055  	1.1408870292887028	插ga                    	52
1056  	1.1408827570414477	老馋馋                	144
1057  	1.1408321713707406	新手二段里仑       	1211
1058  	1.140826266567216	洛天依                	587
1059  	1.140802575107296	叶凡                   	16
1060  	1.140608728749049	志明                   	256
1061  	1.1399523283821753	金瓜皮子             	320
1062  	1.1396746512240064	SfArccos                 	128
1063  	1.1387601786722812	大货车斯马托       	648
1064  	1.1385946398659959	全大风风             	176
1065  	1.1383225806451613	卡夫卡卡摔          	16
1066  	1.1377326074818537	Serendipity              	1184
1067  	1.1374570446735393	CHAGAJencese             	32
1068  	1.1373542024013723	姬丝秀忒             	112
1069  	1.13661192921668	Schubert                 	784
1070  	1.1361347103357466	去去                   	416
1071  	1.1359795918367344	Ryzen                    	84
1072  	1.135762250086333	灰色天空             	2775
1073  	1.134750055518542	仰望星空派          	1184
1074  	1.134293417961918	蜘蛛                   	672
1075  	1.1340708333333327	Magallan                 	240
1076  	1.13369724025974	国标良辰加油       	80
1077  	1.133642415316642	早哥                   	448
1078  	1.1335750622062484	井川子虎             	112
1079  	1.1335415899324726	余光                   	1068
1080  	1.133427295358032	青鳞                   	224
1081  	1.133294247787611	连七对                	16
1082  	1.133091185769584	qwe305836                	1112
1083  	1.1329813682965308	小流风                	656
1084  	1.1326062250142779	静座                   	112
1085  	1.1321033904987199	KaneSHEN                 	1344
1086  	1.1318591259640105	blueboat                 	64
1087  	1.1312447881640884	huaji                    	48
1088  	1.1309570629813275	GoodNight                	320
1089  	1.1307333616711204	N519                     	528
1090  	1.130643194557053	张张进张             	9490
1091  	1.1301988911988916	Miyanaga                 	92
1092  	1.1299734513274338	Neam                     	8
1093  	1.1292508319192545	方方                   	1472
1094  	1.1290807758149062	一1四五14             	1909
1095  	1.1287782113244353	卡小雷                	736
1096  	1.1282871041513238	青龙吟秋水          	832
1097  	1.1279908785405672	雏步                   	208
1098  	1.127794544198895	叶三夕夕夕          	100
1099  	1.127724316546763	河提                   	112
1100  	1.1271926952141056	Ttocgnef                 	80
1101  	1.1260198972824043	花毛                   	1901
1102  	1.1259344673731184	无奈喵                	112
1103  	1.125802633803293	理查德                	1984
1104  	1.1257521739130434	妖妖果                	16
1105  	1.1251667618503711	不求人                	64
1106  	1.125120412306731	立又                   	208
1107  	1.1251049723756905	诈胡战士             	64
1108  	1.1250369256976798	福娃二妹             	640
1109  	1.1245458668927522	afanty                   	800
1110  	1.12440383715489	无言清澈之风       	64
1111  	1.1239644146467247	xunshan                  	64
1112  	1.1238502562156	神里绫人             	352
1113  	1.1232840809146871	TT55                     	448
1114  	1.1228218009478674	春田太太             	32
1115  	1.1221557064064482	肉布斯                	160
1116  	1.1219647720544705	辅辅                   	112
1117  	1.1217474381475407	南方孤影             	1200
1118  	1.1209389721627407	乌萨奇                	32
1119  	1.1206699727250184	fiorgace                 	128
1120  	1.1205021854921526	婆罗摩笈多          	1424
1121  	1.1200036965102438	八云紫幽幽子       	528
1122  	1.119926542605289	根号88                 	96
1123  	1.1197618243243244	只打萧寒             	16
1124  	1.1196140316969463	真名不好取          	176
1125  	1.1195966870723808	imv                      	96
1126  	1.1195643589102722	欧鳇要下头          	128
1127  	1.1192289789789793	伯约0                  	48
1128  	1.11832389380531	kx                       	16
1129  	1.117002835184404	飞刀                   	1454
1130  	1.1168159392789374	哼哼总                	16
1131  	1.1164829770221347	Ace                      	1568
1132  	1.1155528099715721	爪哇龟                	304
1133  	1.115549666703092	老馋                   	309
1134  	1.1152152133580704	绵羊                   	16
1135  	1.1144483754512629	xxx                      	96
1136  	1.1139117471166162	圣文神武             	394
1137  	1.113836011985834	抹茶要楽奈          	368
1138  	1.113833559194592	zerozeng                 	3792
1139  	1.1125894848270992	TedZhu                   	480
1140  	1.1125160366552114	sugawara                 	176
1141  	1.1123246615905247	我来截个和          	160
1142  	1.1120854642683526	inami                    	720
1143  	1.1119620503468115	未济                   	3280
1144  	1.1116678571167171	绚彩蓝                	4580
1145  	1.1106773962804009	小绿帽                	48
1146  	1.1097966903073286	喜欢和小三元       	16
1147  	1.1096750352705225	后来                   	1952
1148  	1.1094649796656126	莫莫柴                	304
1149  	1.1089768170426062	lynchblax84              	48
1150  	1.108413774973712	江鸟                   	432
1151  	1.1083952210931063	静巧                   	112
1152  	1.1078049738219895	井九清                	48
1153  	1.1069743073332328	麻将小白             	5379
1154  	1.1068114243023013	亦然                   	4799
1155  	1.1064969896626151	狂吃狂日             	1144
1156  	1.10647223260533	Choimoe                  	2520
1157  	1.1063614345598507	大七星                	72
1158  	1.1062822364349079	中島めいし          	160
1159  	1.1061438217420658	尘墨                   	48
1160  	1.1057051893408125	quzer                    	1044
1161  	1.1040806133625412	苹果派                	288
1162  	1.1035232266627348	天门                   	1088
1163  	1.102407255787691	图图帕特             	1104
1164  	1.1020988730840855	萌新大白獭          	3161
1165  	1.102059793814433	瞻某人                	16
1166  	1.099905181328674	牛黑奶白             	928
1167  	1.0994936773593678	僮九                   	720
1168  	1.0993763668430336	卡先生                	96
1169  	1.0992454481029228	张磊                   	2478
1170  	1.099152073732719	chuqing                  	36
1171  	1.0986218487394959	ouyousou                 	16
1172  	1.098599466925127	雫ちゃん             	128
1173  	1.0985674333507576	WindHunter               	1424
1174  	1.0983483146067416	Shawn                    	32
1175  	1.0981614814814813	报告精华             	48
1176  	1.0975658153241652	Kevin                    	16
1177  	1.0970360818781082	亲亲要乐奈          	569
1178  	1.0959177865612648	泠依喵                	80
1179  	1.0957601089269797	心悦                   	1440
1180  	1.0950260099085356	月黑风高夜          	341
1181  	1.094675203725262	居居                   	32
1182  	1.0943129471497806	阿吉                   	144
1183  	1.094299216082942	SSSFFF                   	2208
1184  	1.0938808678265521	伯约                   	2251
1185  	1.0938215152986885	roysongor                	144
1186  	1.0934463702309087	gbnewbie                 	592
1187  	1.0933244353182752	hsr                      	16
1188  	1.0918889334402568	ly3d                     	160
1189  	1.0918680588514478	类星体                	144
1190  	1.0916154381084842	派蒙                   	48
1191  	1.091220108695652	主播狙击手          	64
1192  	1.0910722479372108	衔蝉幽客             	160
1193  	1.0909695170229607	墨羽                   	585
1194  	1.0901474915126366	羽墨                   	176
1195  	1.090099874895746	zumgze                   	496
1196  	1.0898067510548524	李早苗                	80
1197  	1.0897396142433236	我有亿点菜          	43
1198  	1.0897240544629363	威震逍遥津          	864
1199  	1.0896434824902725	Helen                    	208
1200  	1.0891613995485327	与梦随缘喵          	32
1201  	1.0887269750307003	海子哥                	80
1202  	1.088503018108652	Jayden1129               	16
1203  	1.0880289069557356	狠人大帝             	112
1204  	1.0879949622166245	Sant                     	208
1205  	1.087912715517242	Jesse                    	32
1206  	1.0877935871743487	Minato                   	16
1207  	1.0875518777082338	MINT                     	552
1208  	1.0873219745537017	HillLee97                	1344
1209  	1.0866845025762977	Lorvain                  	80
1210  	1.0866439393939396	我们的歌             	16
1211  	1.086392749244713	栖久                   	32
1212  	1.0855714473166251	Chadvent                 	256
1213  	1.0855061093247584	yukimurasaki             	48
1214  	1.0854916243654829	Archetto                 	256
1215  	1.0853182211642498	AbbyKo                   	304
1216  	1.085038942976356	Ghost                    	46
1217  	1.0847492723492722	夤夜长风             	80
1218  	1.084497356875337	自摸七对             	1572
1219  	1.0840386561424806	StaticFish               	160
1220  	1.083660094173043	圣杯碳                	112
1221  	1.0832584049079752	草莓                   	128
1222  	1.0831074074074074	MasterSun                	16
1223  	1.083056864521976	花开岁月             	295
1224  	1.0830414399330264	電腦                   	80
1225  	1.0821371361594054	三百斤小胖熊       	168
1226  	1.0817637997432608	小小小小秋          	48
1227  	1.0815447778028426	王大星                	288
1228  	1.0810631808278865	abi                      	16
1229  	1.080216400911162	孤独与saki            	16
1230  	1.0796033757640313	坎坷苦                	598
1231  	1.0794725036179453	豆子鸽                	96
1232  	1.0792592319054652	蜗牛                   	48
1233  	1.0791113809011756	rainbow369               	928
1234  	1.079020927507115	药渣                   	400
1235  	1.0788070816532265	枰                      	256
1236  	1.0787665952890793	Richard71705             	16
1237  	1.0786266416510317	YU清清                 	16
1238  	1.0785818540433927	芋头                   	32
1239  	1.0784717741935483	hawaii                   	32
1240  	1.0781340975507936	日出                   	1923
1241  	1.0777583402808921	晴天                   	2640
1242  	1.0775214805023128	不在勿扰             	96
1243  	1.0771618674502115	冥雪99                 	520
1244  	1.0769680232558143	Darker                   	80
1245  	1.076741259512518	糖糖0919               	304
1246  	1.0766211086679789	penguin                  	288
1247  	1.0760123144317355	阿彰不凑番          	688
1248  	1.0754970414201181	佐仓沙耶加          	16
1249  	1.0752330097087377	洛心颜                	16
1250  	1.0752106339468304	白石奈奈             	16
1251  	1.0751451365561566	丛雨ちゃん          	912
1252  	1.0751038315988648	折一尾纸鸢          	144
1253  	1.0746970793486692	qzgg                     	256
1254  	1.0745068350925762	WE1RC                    	384
1255  	1.0742509120389137	风怒大汉堡          	80
1256  	1.0741152304609218	朋也                   	32
1257  	1.0730978482656268	不会玩的萌新       	724
1258  	1.0728114256627101	王泥喜法介          	836
1259  	1.0723064223212813	黒い雨                	208
1260  	1.0721735112936341	婉兮                   	64
1261  	1.072170936318335	homasWSC                 	1300
1262  	1.072157903097697	GBAWA                    	409
1263  	1.071814211360036	红叶                   	152
1264  	1.0711519904695725	BestMaomi                	324
1265  	1.0708789148024749	瓜瓜瓜宸             	352
1266  	1.0703638151425765	Rozen                    	32
1267  	1.070132752992383	奇克kik                	32
1268  	1.0699126220966462	东西喵                	2207
1269  	1.069850187118377	就说小伙路过       	864
1270  	1.0697919976733867	水墨                   	4144
1271  	1.0687144980562548	萧何                   	286
1272  	1.0676741573033706	spoonzzzz                	16
1273  	1.067161408843279	emo                      	272
1274  	1.066509764503159	捌萬                   	237
1275  	1.065906976744186	晓白晓白晓          	16
1276  	1.0658686353141331	高抬贵手             	267
1277  	1.0656509515570936	hb                       	77
1278  	1.0656008188331625	杨桃巧克力酱       	32
1279  	1.0655055408970977	云枫                   	64
1280  	1.0649954051328026	丝瓜                   	288
1281  	1.0643370012870044	老蒋专点13幺        	2567
1282  	1.0641105200719458	icrua0alskjs             	829
1283  	1.0639525862068964	ormisnal                 	32
1284  	1.0629721807716914	小熊                   	304
1285  	1.0626406570841889	白晓异                	16
1286  	1.06217791995644	星月9996               	736
1287  	1.0619210369487484	Hotaru                   	112
1288  	1.0617583936800528	望月穗波             	160
1289  	1.0617500000000002	white                    	16
1290  	1.061243635012079	XXHYX                    	176
1291  	1.061047433963229	叮叮                   	1344
1292  	1.060884827445375	我是                   	160
1293  	1.0607766303030326	韦一笑                	6228
1294  	1.0606324951644097	齐静春                	16
1295  	1.0598018362662587	绝寂                   	128
1296  	1.059660071968935	Jux                      	6774
1297  	1.0593384091723408	彤轩                   	736
1298  	1.05867864978903	Seven                    	192
1299  	1.0585570348770283	国标新手求教       	864
1300  	1.0582655288110874	弗兰基                	1152
1301  	1.057769046870085	羽未                   	539
1302  	1.0575023298503248	ChaosDon                 	944
1303  	1.057417503228678	Anna                     	3016
1304  	1.056726595744681	唐指导yestdy          	64
1305  	1.0561505662891404	pfsP                     	48
1306  	1.0553276776246023	TTT                      	32
1307  	1.0552674060382004	間奏0721秒            	112
1308  	1.0549872529361206	信噪比                	226
1309  	1.0548060997103081	闪电云                	3248
1310  	1.0546821877071506	桃蹊柳陌             	7232
1311  	1.0546615886833515	远山黛蓝             	96
1312  	1.054610477917368	Imok                     	512
1313  	1.0545740161369999	因幡爱瑠             	208
1314  	1.054473815461346	ATTACKER75               	224
1315  	1.0544440800660726	永清                   	1329
1316  	1.054245496654658	塔利雅                	64
1317  	1.0530371119664748	xYz                      	2524
1318  	1.0527344875134061	海葉                   	208
1319  	1.052452471482891	Kazuradrop               	352
1320  	1.051972039374358	SunnyYip                 	544
1321  	1.0518593954095894	病娇灰姑娘          	1429
1322  	1.051226815642458	顾寒9275               	32
1323  	1.0511008867567961	luocl                    	216
1324  	1.050673097534834	蜡笔小帅             	64
1325  	1.0504484210526315	孤高の撃墜王       	16
1326  	1.0502176327664008	WeakBot2                 	72
1327  	1.050159239513128	lifeline                 	656
1328  	1.04972375127421	大三元                	32
1329  	1.0497219083977936	东宫之主             	2966
1330  	1.0489908174573845	kanna                    	1229
1331  	1.0486787003143145	喜欢做大牌          	2576
1332  	1.0486594101123594	Alphabeb                 	96
1333  	1.048595836748074	AlCu2764                 	992
1334  	1.048590915542937	萌新有雪             	240
1335  	1.0485223410950293	璀璨猎户座          	160
1336  	1.047937515497149	清梦挽歌             	128
1337  	1.0469438006687126	加勒比海带          	712
1338  	1.0469322348572754	五羟色胺             	144
1339  	1.0468439475713178	sss                      	224
1340  	1.0466958970233307	苑清青                	128
1341  	1.0451092119122858	帆夜                   	709
1342  	1.0448276766430102	尘世                   	208
1343  	1.0442706923477356	Eumenides                	64
1344  	1.0439779859484777	二d                     	848
1345  	1.0439682595047088	無番和自摸          	96
1346  	1.0438244542619541	微辣就行             	720
1347  	1.0437539995362848	西月                   	288
1348  	1.0435425531914893	海之蓝                	64
1349  	1.0427540229885057	橘子111                	16
1350  	1.0425916548312844	雪豹                   	656
1351  	1.042340531561462	凸眼鱼                	32
1352  	1.0419407971531844	加贝勒                	2864
1353  	1.0416470420120032	jellyhi                  	224
1354  	1.0404227979274612	阳光牛子             	32
1355  	1.0392147651006711	流子                   	16
1356  	1.0385540393013102	TokisakiG                	64
1357  	1.037582552083333	qqll                     	128
1358  	1.0368582000217648	SCM7716                  	304
1359  	1.0366673346693391	糕手                   	48
1360  	1.03638986013986	nanuo3331                	16
1361  	1.0363741097373371	菜鸟123                	596
1362  	1.0361461761858664	天河                   	32
1363  	1.0360813704496785	萌新pp                 	16
1364  	1.0360271671217662	Nekkoya                  	720
1365  	1.035882662457248	小小黑                	126
1366  	1.0358407995716583	渝宇                   	183
1367  	1.0358280405405402	次方                   	96
1368  	1.035265208270902	Voyager1969              	112
1369  	1.035082964782965	虎鲸                   	400
1370  	1.0349884012687585	geruome                  	2823
1371  	1.034703104786546	菜包子                	48
1372  	1.0343783993783997	无有之间             	80
1373  	1.0338880634813434	冰封                   	176
1374  	1.0337831416793233	TristeQ                  	304
1375  	1.0331966254815994	ftedh                    	496
1376  	1.032989056762991	秋玲                   	3648
1377  	1.0327808407994492	Jackie                   	128
1378  	1.0326821705426354	籉譱䝁                	16
1379  	1.0325964912280698	ZJU国标分队3         	132
1380  	1.032530241935484	米夜                   	64
1381  	1.0321888506538193	Iconoclastic             	490
1382  	1.0318205619412515	卷谁呢                	48
1383  	1.0313890261987146	CregChain                	128
1384  	1.0306803159426317	格喵不是巫师       	160
1385  	1.0298865453764832	月出星河             	628
1386  	1.0295353866317172	清风                   	96
1387  	1.0293570514672508	四方雀者             	772
1388  	1.0286948775055678	Milton                   	32
1389  	1.0286475972540048	ForThePoints             	16
1390  	1.0280624999999992	sparkle                  	320
1391  	1.0267411575562706	嘿嘿嘿哈             	64
1392  	1.0265450395617777	黎洛溟JM              	112
1393  	1.0264031834591398	lan666                   	192
1394  	1.0246895200783543	znev                     	64
1395  	1.0244967130024594	伏黑惠的玉犬       	656
1396  	1.0244845881758462	kabidesu                 	256
1397  	1.0244785192987729	潇飒                   	872
1398  	1.0244722328609728	一灯大师             	256
1399  	1.0241163062536531	xyhsjh                   	112
1400  	1.0236454674893216	冰糖榴梨             	139
1401  	1.0229868928296064	国标小唐             	91
1402  	1.0228461767626609	赵秋雨                	320
1403  	1.0225789154801572	AlFex                    	121
1404  	1.0224169339320073	倒不推推不倒       	496
1405  	1.0218596128089612	Restist                  	544
1406  	1.0216557637345192	TTz                      	208
1407  	1.021553823476862	八九边7               	1488
1408  	1.0214130562923671	ws1221                   	464
1409  	1.0212128635281812	星官之夏             	560
1410  	1.0205818212940778	舛敖                   	176
1411  	1.0204149727317797	山猫                   	128
1412  	1.0203978580990622	yy小泠                 	608
1413  	1.0199689931761036	手不离管             	272
1414  	1.0187361246348587	大大大鹏子          	32
1415  	1.0184851063829787	上亿小弟             	16
1416  	1.0183056657511982	ubisoft                  	1296
1417  	1.017848885793872	布布                   	48
1418  	1.0170933425797508	Inf                      	1952
1419  	1.0170565045992108	citrus                   	224
1420  	1.0159199789418272	banz                     	368
1421  	1.0149647165945828	昏睡猫投降喵       	448
1422  	1.0147289120361924	当红辣子君          	3664
1423  	1.0146051336146273	萌新小雷             	96
1424  	1.0141412863070542	Hongstone                	320
1425  	1.013603976495804	林嘿嘿2号            	945
1426  	1.0129092719628237	勘察加                	253
1427  	1.0124020187099954	作业                   	272
1428  	1.0123747262656182	朱克斯                	254
1429  	1.0116290493892723	Vorak                    	112
1430  	1.0112962226640159	桔梗                   	32
1431  	1.0108072174738842	洋平                   	32
1432  	1.0104405286343614	呓语年少             	32
1433  	1.0098327402135236	只胡小天凤          	492
1434  	1.0097070254110612	千手白子             	64
1435  	1.00944099378882	理论魔术师          	48
1436  	1.0092819706498952	Sin是我的神          	60
1437  	1.0087840735068918	绿豆龙                	1088
1438  	1.0079419735927728	渣渣                   	92
1439  	1.0073816425120778	OFDM调制解调         	148
1440  	1.0068577777777779	jiuli                    	32
1441  	1.0060415567282315	苍落                   	301
1442  	1.0050879633110297	番茄不能炒蛋       	443
1443  	1.0040416666666667	才久                   	16
1444  	1.0036894574327304	月挽星回             	80
1445  	1.0033933380581146	贝瑞塔                	48
1446  	1.0031979708636842	留下的静悄悄       	128
1447  	1.0029525585673045	WAduck                   	1336
1448  	1.0024481245975527	熔岩                   	832
1449  	1.002036278275715	早柚                   	80
1450  	1.001626589595376	MC宇宙RS               	132
1451  	1.0011251153645515	在摸鱼中             	808
1452  	1.0010623376623378	椢床萧寒             	64
1453  	1.000447429254684	天                      	432
1454  	1.0002312499999995	温柔的光             	64
1455  	0.9998327464788734	咕咕咕咕法法       	16
1456  	0.9993551715243747	何苏                   	128
1457  	0.9991606425702811	装饰                   	16
1458  	0.9990837104072399	廃棄物                	16
1459  	0.9989310584958216	青一色                	48
1460  	0.9987374999999996	mikan                    	144
1461  	0.997231684981685	幻月符文             	32
1462  	0.9958287231218477	天使的浦             	624
1463  	0.9957870036101086	IceCola                  	80
1464  	0.995752469658482	苹果狼、             	800
1465  	0.9956409335727109	乙二胺四乙酸       	416
1466  	0.9947469489414699	发生什么事了       	232
1467  	0.994723921629366	九莲老登             	432
1468  	0.9946809128630706	lapulas                  	80
1469  	0.9941146161934803	Chauvet                  	32
1470  	0.9940916763678692	天唉唉                	112
1471  	0.9939079089924161	萌新搞事情          	32
1472  	0.993800036208925	多元外卷人          	368
1473  	0.9936905634758996	Lemontruth               	987
1474  	0.9936595821325653	澜川                   	96
1475  	0.9935764656791151	秀仔                   	160
1476  	0.993285045513654	memo                     	128
1477  	0.9929721713658	雪华yukivv             	80
1478  	0.9926447368421052	萧寒头号红粉       	16
1479  	0.9921059160305342	ToT                      	64
1480  	0.992031371166726	番多多                	1512
1481  	0.9919663668361367	源千鹤                	80
1482  	0.9908446555613404	自摸8001600            	778
1483  	0.9907835920177388	宗云先生             	304
1484  	0.9907662547757559	sfsniper                 	948
1485  	0.9906104881921005	一瞥而过             	656
1486  	0.9902907868415198	yayoi                    	592
1487  	0.9901985255397586	Bryce                    	496
1488  	0.9900373707924726	凑友顺那             	368
1489  	0.9898707145807515	第二片天             	80
1490  	0.9893979238754327	春米                   	32
1491  	0.9892191095547773	诚                      	64
1492  	0.9890685228802137	lusika                   	1968
1493  	0.9885598591549295	达斯眉目             	48
1494  	0.9884343748481456	voncast                  	672
1495  	0.9880173425146644	青岛浪速小梁       	256
1496  	0.9873430724484402	M16A1                    	512
1497  	0.9863599661805114	Ash                      	153
1498  	0.9855013184426864	随便搞一个          	224
1499  	0.9854522768927111	依璐                   	224
1500  	0.9853594817432273	错和紫乌龟          	144
1501  	0.9851912998871435	轻轻的飘             	1552
1502  	0.9848366643694004	求道人                	48
1503  	0.9836998677831643	mortal                   	80
1504  	0.9832839849897106	floatcloud               	272
1505  	0.9832673445052771	王洋                   	2624
1506  	0.9830708598726116	佐佐木淳平          	80
1507  	0.9824751773049646	guo707                   	64
1508  	0.9820343084145879	麓下kk                 	1088
1509  	0.9818745675595536	qsw2025                  	336
1510  	0.981038177093744	夏野川                	176
1511  	0.9802901180200818	左右                   	371
1512  	0.980248261758691	CoL1n                    	80
1513  	0.9789467109940991	卖间久里代          	1710
1514  	0.9787721135671016	千千晚星             	3420
1515  	0.9785610060927977	GyroZeppeli              	208
1516  	0.9782843691148777	YandereChan              	112
1517  	0.9778133124699083	mousuan                  	272
1518  	0.9776551003344482	神奇的飞菊          	544
1519  	0.9776371359223308	鸡打不溜             	192
1520  	0.9768005928321204	凛樱                   	128
1521  	0.9766758013827781	九九ya                 	256
1522  	0.9761837686567161	牌搭子                	32
1523  	0.9753242618741972	疯帽子                	128
1524  	0.9744567819148933	linkenwu                 	96
1525  	0.9735896328293734	OODCC                    	32
1526  	0.9735317841079455	朴彩英                	215
1527  	0.9732311201467735	寿命流雀士          	672
1528  	0.9731683580170002	阿良                   	1676
1529  	0.9729485148514851	Ghuxi                    	16
1530  	0.971867657992565	morgl                    	48
1531  	0.9712204773869344	盈峰环境小彭       	96
1532  	0.9711453551912569	包包大人             	32
1533  	0.9709554473979786	h0081324                 	256
1534  	0.9708899613899615	NamelessGod              	16
1535  	0.9698943798449612	雀神A01                	228
1536  	0.9693699038780245	五分发挥de           	96
1537  	0.9681169626454369	樱小路                	736
1538  	0.9679001155985839	破破                   	960
1539  	0.9678327067669172	日麻是什么          	16
1540  	0.9673577367205544	愿樱落时见你       	144
1541  	0.967245901639344	咕咕咕咕             	1008
1542  	0.9671183035714285	蒲原智美             	16
1543  	0.9664903017241379	听牌即立             	64
1544  	0.965640350877193	konskie                  	8
1545  	0.9654278637770896	supercp                  	48
1546  	0.9645118580765637	founded                  	352
1547  	0.963613869059153	hyperon                  	2224
1548  	0.9634737206085755	老子很帥             	192
1549  	0.9630266031865359	雷雨霆                	1616
1550  	0.9623926302414231	渣男饼干             	80
1551  	0.9619878260869568	洋Cc                    	80
1552  	0.9617215338245145	川和桜子             	192
1553  	0.9615204204844106	Be4Sunrise               	960
1554  	0.9612878411910671	飞龙在天             	16
1555  	0.9611561353444761	葡萄汁                	80
1556  	0.9610433839479392	Tour诺达               	16
1557  	0.9609978401727862	弥卡呦                	16
1558  	0.9603283377449391	振玉                   	1656
1559  	0.9602872307849346	新手村村民          	320
1560  	0.9602272814601349	qima                     	176
1561  	0.9602247191011234	人木自心             	16
1562  	0.9599726027397261	嗯嗯                   	32
1563  	0.9598253700208604	正弦                   	324
1564  	0.958597057621578	Tairitsu                 	80
1565  	0.9577052345343285	岚兰                   	2720
1566  	0.9573142079477411	初芝雪音             	288
1567  	0.9569909008189265	nima                     	144
1568  	0.9566121016691961	qucheng                  	176
1569  	0.954739293704059	HZ                       	800
1570  	0.9541002929115407	VvV不会金八          	288
1571  	0.9536432393434731	走无常                	528
1572  	0.9533412922595891	许清扬                	1856
1573  	0.952795124782357	cx遇恒                 	608
1574  	0.9525184088729481	yulearning               	1617
1575  	0.952512229874139	初冬666                	400
1576  	0.9518591040462426	火柴                   	48
1577  	0.9511837433821226	萌新白羽             	536
1578  	0.9510058316978974	连六                   	4789
1579  	0.950738150342529	猪突猛进             	688
1580  	0.9499395730416373	Buhlava                  	333
1581  	0.9495829094608342	嗯好可以行2         	32
1582  	0.9487274590163933	渼酒                   	1141
1583  	0.9486505098937268	茅老道                	4720
1584  	0.9485375514403293	路边一条             	64
1585  	0.9482002015451801	Dreamcast                	192
1586  	0.9477103456103513	滚滚浪花             	597
1587  	0.9475854322668481	云中观山客          	48
1588  	0.9472084576241442	送分达人             	192
1589  	0.9462257636122174	neurax                   	48
1590  	0.9460898363750788	K437                     	416
1591  	0.9459231444883625	阿楠                   	672
1592  	0.9457867719644621	zzzsk                    	32
1593  	0.9442901890140606	Sw279695293              	1236
1594  	0.9441347923681259	不名                   	288
1595  	0.9433837209302331	土豆豆鸭             	540
1596  	0.9431565609812543	钙热                   	288
1597  	0.9424579094795806	Alola                    	224
1598  	0.9421872176454961	闻雀                   	256
1599  	0.9413423822450814	大祭酒                	720
1600  	0.941183633295836	菲洛菲洛菲          	712
1601  	0.9408436293436296	上帝肥嘟嘟          	64
1602  	0.9390657506598359	镜影                   	416
1603  	0.9390077071290946	TATTOT                   	16
1604  	0.9387754764930117	洛兰希尔坠星       	512
1605  	0.938061386138614	门清大师兄          	48
1606  	0.9378456966510456	彩色塑料星          	288
1607  	0.9376808182169041	Jayden87                 	80
1608  	0.9374658634538152	玖染                   	16
1609  	0.9373176229508199	夏日浪漫星辰       	16
1610  	0.9370816326530613	ck053                    	16
1611  	0.9365620168067225	WeakBot1                 	72
1612  	0.9356350000000003	河漢清淺             	128
1613  	0.9353864620228257	橙                      	80
1614  	0.9348761419536189	破游全是bug          	192
1615  	0.934338766347843	寳儿丶少爷          	320
1616  	0.9342816700611004	荔枝好吃             	320
1617  	0.9342448401826488	Koucha                   	368
1618  	0.9336487413787067	浮生小朋友          	1888
1619  	0.9324782797567333	小天                   	80
1620  	0.9324692136498511	チャガゼロ          	192
1621  	0.9318122961104143	otssmyha                 	128
1622  	0.9317511058849878	爱の火车票          	1201
1623  	0.9313299163744269	大可乐                	880
1624  	0.9302200895713372	大话王                	48
1625  	0.929486692015209	yuanzi                   	48
1626  	0.9288688669173287	beyond葬送             	728
1627  	0.9281698178544225	CHAGA06                  	996
1628  	0.9279087343346417	SEiYA                    	328
1629  	0.9274459871317303	Quandaiwu42              	96
1630  	0.9271815468788853	樱淳宝贝子          	272
1631  	0.9270317129795849	Kokutourio               	1392
1632  	0.9264626441083997	张麻子                	216
1633  	0.926094117647059	白羊                   	16
1634  	0.9247569886765746	只打CHAGA              	400
1635  	0.9243381565620022	小白ali                	224
1636  	0.9236849182046418	初见                   	6116
1637  	0.923490529809947	小柚子                	4134
1638  	0.922723471702805	十八线玩家          	3223
1639  	0.9223671467974254	玖儿                   	112
1640  	0.9216515687480776	AIplayer                 	429
1641  	0.9206608960613935	三十                   	1491
1642  	0.9205950827897641	绫地宁宁             	208
1643  	0.9204737762237761	胜天一番             	112
1644  	0.9201897505479595	INTP                     	320
1645  	0.9183181898532788	兰姐                   	384
1646  	0.9182379958246347	超级错和王          	16
1647  	0.9178130353817501	芋蔗                   	91
1648  	0.9176503642039541	煜神                   	160
1649  	0.9174085106382978	幻心                   	16
1650  	0.9171763625229638	Higuchi                  	56
1651  	0.9169767966292812	逆光w                  	1104
1652  	0.9159623323013413	植物人                	64
1653  	0.9159450101832994	玖楼的考古家       	16
1654  	0.9158311103466598	多来雀庄             	2158
1655  	0.9151519088319092	吃                      	288
1656  	0.9151255072463763	风林舞破             	112
1657  	0.9144623563757124	柳梦璃                	1232
1658  	0.9136298477067472	paidax                   	743
1659  	0.9129854771784232	路辺三條             	32
1660  	0.9111896329090572	ninaelle                 	176
1661  	0.9105873749037721	眠灯入门             	40
1662  	0.9105493338675752	农园蒸粥             	1018
1663  	0.9104869109947646	破灭之魂             	32
1664  	0.9099057533516833	喻秋水                	704
1665  	0.9097067039106147	平生欢                	96
1666  	0.90927495042961	自动点炮机          	48
1667  	0.9086677154983172	快雪时晴             	912
1668  	0.9077861635220128	叨叨                   	48
1669  	0.9069905723905725	陈亚轩                	48
1670  	0.9066559073765454	木之本樱             	384
1671  	0.9063572938689217	cos是我的神          	16
1672  	0.9057727331802617	蛋黄派派             	1584
1673  	0.9057238152731661	v70                      	112
1674  	0.9055460728893782	平宫杏奈             	746
1675  	0.9054673341562663	Ch1ak1                   	736
1676  	0.9042787329759027	维尔斯特拉斯       	1104
1677  	0.9032426129331683	萌新99                 	2577
1678  	0.901583170254403	shapaozi                 	16
1679  	0.9013740000000002	白纯里绪             	96
1680  	0.9012007915567289	白茉晴                	240
1681  	0.9009802631578946	chongyu7896              	16
1682  	0.900726443768997	天天                   	32
1683  	0.9001485943775098	yoda                     	128
1684  	0.8995564516129032	小霸王团子          	32
1685  	0.8986896067415732	林中及时雨          	176
1686  	0.8982749107745723	蜜橘                   	2408
1687  	0.8973518233179251	漳州Cody               	64
1688  	0.8967449784098487	有路口                	1536
1689  	0.8958500841042895	逍遥自在             	160
1690  	0.8957270642201836	机器人                	16
1691  	0.8950841329439577	山前没相见          	2656
1692  	0.8949143015944712	trane                    	960
1693  	0.8946523870967745	黑桃A                  	128
1694  	0.8939878873783906	伽罗妹妹             	516
1695  	0.893672097759674	枫野                   	16
1696  	0.8934419354838707	吱吱                   	32
1697  	0.8928336886993604	jtnmsl                   	16
1698  	0.8926576576576579	五河かがく          	32
1699  	0.8925596007046387	番                      	112
1700  	0.8915694591728527	彪哥                   	32
1701  	0.8913966281927984	Tetriseffect             	1216
1702  	0.8856519827823055	alldxly                  	734
1703  	0.8854241312324624	王致和卤大鹅       	309
1704  	0.8850405805687209	苝风肃霄             	112
1705  	0.8806074705111401	wardell                  	48
1706  	0.8803569172457351	檐下风铃             	160
1707  	0.8796415804555848	蚀叁夭                	2744
1708  	0.8796321138211382	百里                   	32
1709  	0.8763504899505025	流沙                   	3359
1710  	0.8762283688075284	kima                     	3616
1711  	0.8760003641558598	陈佳豪                	1189
1712  	0.8759618338375612	chen                     	560
1713  	0.8759411344137271	时一时易拾忆       	144
1714  	0.8758572895277208	一番赏                	32
1715  	0.8755367779783392	弧龍星                	1296
1716  	0.8753321683596508	张进步                	1328
1717  	0.8753294478527609	琉璃宇宙             	160
1718  	0.8751059799957439	根派                   	160
1719  	0.8741891495601175	广东麻将BOT          	20
1720  	0.8738174322732626	千早爱音             	112
1721  	0.8727718429430492	北北                   	95
1722  	0.8719413495827997	灯波月华             	3883
1723  	0.8715282986991053	海                      	788
1724  	0.8705792159647588	zerong                   	2768
1725  	0.8700931106471814	xiao灰灰丶            	80
1726  	0.8685664985095158	凌叶                   	274
1727  	0.867444    	陌                      	16
1728  	0.8673065752319487	东云绘名             	80
1729  	0.8658485173276169	真城璃茉             	96
1730  	0.8655196743554951	忆相逢连六          	48
1731  	0.8645868897758672	qwqaq                    	208
1732  	0.8643173076923076	琦玉                   	16
1733  	0.8640585617240567	黑心换黑心          	1408
1734  	0.8634749826268241	kawaisubei               	96
1735  	0.8630079005487131	练习两年半          	1464
1736  	0.8626803455723541	鹿鹿                   	16
1737  	0.8622325557066634	徐北to                 	640
1738  	0.8618152936830442	Simon919                 	192
1739  	0.8616862982956279	海伯利安             	1120
1740  	0.8616131906368618	四错和散了          	628
1741  	0.8614446428571431	Tolerate                 	112
1742  	0.8594357239512861	典狱长                	304
1743  	0.8574968906313368	Mon3tr                   	480
1744  	0.8545574874797212	Zazaka                   	1903
1745  	0.8540994976816073	parkloss403              	160
1746  	0.852999061502849	车皇告别日麻       	1071
1747  	0.8526605072463768	芜芯                   	96
1748  	0.8494511955846651	门清一摸五          	4801
1749  	0.8475796811013333	桜坂逢里             	352
1750  	0.846813658765548	工藤新一             	288
1751  	0.8453295489413932	沉江月                	112
1752  	0.8443764494326288	odd                      	528
1753  	0.8434334823952734	佰番shooter            	3269
1754  	0.8421899224806202	小林                   	16
1755  	0.8417838776928421	symbol                   	48
1756  	0.839817516319142	随便玩玩儿          	1280
1757  	0.8397579223504726	外部号                	320
1758  	0.8381106309420921	七夜的许愿星       	1360
1759  	0.8380148474487125	落英                   	2546
1760  	0.8373872756457027	琪露诺不是九       	224
1761  	0.836738    	天北                   	32
1762  	0.8367027660571967	内鬼                   	144
1763  	0.8353527466470693	SDU麻雀                	176
1764  	0.8337398858921166	Silence                  	384
1765  	0.8306355695830882	报复社会             	448
1766  	0.8290114093959734	御无双                	96
1767  	0.828109509097152	打九万来九万       	1366
1768  	0.8280993676603428	傻逼克高手          	256
1769  	0.8275711786401032	Innnnnfinity             	2096
1770  	0.8264146467251161	壹玖陆and417          	64
1771  	0.8254534412955463	日鳴                   	32
1772  	0.8249647162599235	下一张牌自摸       	344
1773  	0.8234471736945405	蛋黄派                	7001
1774  	0.8225615757648331	识时务者             	544
1775  	0.8224971370403357	幻浪                   	256
1776  	0.8223913593809703	pluto                    	1376
1777  	0.8220381568671202	啊我是谁             	304
1778  	0.8214285714285714	封语                   	112
1779  	0.8207478198713367	美人就是美          	456
1780  	0.8186176335527322	卿湫                   	208
1781  	0.8167454427938065	枭风雀庄             	3263
1782  	0.8166418474366492	CHAGA31415               	528
1783  	0.8146735228122662	暮春                   	160
1784  	0.8140998466990307	CHAGA01                  	28473
1785  	0.8133978333208229	YOUGA                    	1328
1786  	0.8133837144450647	南法信法南          	240
1787  	0.8129775277580176	CHAGA03                  	28171
1788  	0.8128792447017404	CHAGA07                  	28595
1789  	0.8125597668776909	CHAGA04                  	28505
1790  	0.8118053757240358	CHAGA02                  	28121
1791  	0.8113547070244436	Jk酱                    	640
1792  	0.8108355477921193	CHAGA08                  	27701
1793  	0.8105463557665459	幻尘                   	240
1794  	0.809322129248806	梦幻情怀             	705
1795  	0.8072433633113019	哈气米                	304
1796  	0.806646669294442	小猪美美             	448
1797  	0.806509506958324	kk                       	1816
1798  	0.8061034139667935	渋勍                   	528
1799  	0.8055929937773687	玖月玖                	400
1800  	0.8042134035597525	薄荷犬                	3312
1801  	0.8038364285714288	猫南北                	96
1802  	0.8035661764705883	狼                      	48
1803  	0.8027387729285262	超级同花顺          	160
1804  	0.802479983737241	青緺                   	4654
1805  	0.8006964705882352	送子                   	16
1806  	0.8003640646029613	kjd                      	288
1807  	0.7999811715481172	兮苡灬城悾          	16
1808  	0.7996317453001023	恐怖福瑞             	992
1809  	0.7993288011115519	何いみ                	320
1810  	0.7979590982286636	Attersee                 	320
1811  	0.7948747067910066	矢来美羽             	576
1812  	0.7934308510638297	意凉                   	16
1813  	0.7933390870732645	黑沢口关             	80
1814  	0.7928056188306759	数据终端             	48
1815  	0.7907824651799383	雨萌小小酱          	3379
1816  	0.7899423631123923	百千万                	112
1817  	0.7882909963985599	相川まりえ          	1248
1818  	0.7878729244889451	抹茶味纯子          	384
1819  	0.7854695222405271	嗯不好不可以       	20
1820  	0.7854092298288509	御无双青猫          	112
1821  	0.7845625904486252	zsswg                    	96
1822  	0.7842229850262192	天使的秤             	4338
1823  	0.7839602350636636	Homeless                 	160
1824  	0.7835865384615384	演员                   	16
1825  	0.7815968749999999	Marygold1                	384
1826  	0.7802299349240783	melonpi                  	32
1827  	0.7794520833333333	笹葉更紗             	16
1828  	0.779265659706797	左彼篝思劝颊       	80
1829  	0.7787496587363484	ugly2333                 	3488
1830  	0.7778168168168166	jencese                  	32
1831  	0.7764243102020613	一只柠檬             	3490
1832  	0.7753883783710092	xbh要修仙             	1232
1833  	0.7736611401977893	北北ai训练           	608
1834  	0.7727164374850964	云                      	880
1835  	0.7726753056234718	竞麻玩家             	64
1836  	0.772313025210084	初阳                   	48
1837  	0.7711328045899426	搞子                   	192
1838  	0.7703182692307693	kozend                   	32
1839  	0.7702074250260839	低级泰坦             	2952
1840  	0.770164979367261	Yusaki                   	1200
1841  	0.769884091800706	虹村雪                	1700
1842  	0.7672043193074832	烨卉                   	736
1843  	0.7670831228473022	老王                   	287
1844  	0.7662200903385717	修改昵称             	11722
1845  	0.7646636518942824	pecuria                  	336
1846  	0.7643363797169812	软趴趴                	112
1847  	0.7626019946752314	祈慕斯                	816
1848  	0.7619192825112107	泽嵘                   	16
1849  	0.7592249527410209	Monophenol               	16
1850  	0.7588206981909033	benzene                  	2928
1851  	0.7582817877671599	alaya23                  	3776
1852  	0.7533664181644191	喵爹真不是咪       	11553
1853  	0.750709332435651	pcx1078                  	1271
1854  	0.7502160199378283	AGAHC                    	1296
1855  	0.7477438920049437	超级无敌粉毛       	352
1856  	0.7451926561754895	宝宝                   	432
1857  	0.7442694444444444	花袭人                	80
1858  	0.7439761228575882	樱华                   	4689
1859  	0.7381603642537429	荆芥特好吃          	208
1860  	0.7350393197644466	易北北                	4683
1861  	0.7346467460116487	凑凑番                	144
1862  	0.7337930327868851	冷欺花                	16
1863  	0.7303730105657342	LapisYang                	752
1864  	0.7278607743449356	花顺双抽             	160
1865  	0.7277837816858737	林嘿嘿3号            	6997
1866  	0.7271416966012703	狗                      	608
1867  	0.7256286574352808	杜陵路                	272
1868  	0.7253073394495414	甲鱼                   	16
1869  	0.7228955479452056	湖惑                   	16
1870  	0.7217495973671313	地狱火的挽歌       	464
1871  	0.7216831065460426	霹雳911                	3096
1872  	0.7204265208475734	网络连接失败       	48
1873  	0.7200711711711711	小林刚                	32
1874  	0.7178313488856558	xxxhhww                  	1837
1875  	0.71506182531894	神里绫华             	32
1876  	0.7138184784995021	北风萧霄             	5684
1877  	0.7131877394636014	flw                      	16
1878  	0.7129083745840479	炙易狐                	4468
1879  	0.7122383320581485	明绣                   	176
1880  	0.709331291903043	风灵                   	480
1881  	0.7082219806074423	嗯好可以行          	1877
1882  	0.7069533154145249	Charlotte                	1248
1883  	0.7069334360287246	黑一色                	1540
1884  	0.7050646373775339	启丶沉卑             	528
1885  	0.705015479367686	gris                     	816
1886  	0.7034955277551914	赤木茂                	6541
1887  	0.703062395293567	mika                     	3412
1888  	0.7026246438746435	林嘿嘿4号            	48
1889  	0.6997375271149675	GNOREZ                   	16
1890  	0.6987693263733548	空白                   	1200
1891  	0.697852641334569	Kitaura                  	32
1892  	0.696405613712182	🏹🪚👴             	288
1893  	0.691895569620253	芙宁娜                	32
1894  	0.6893088983050848	CHAGA120                 	80
1895  	0.6871905932481153	鸡肉拉伤             	157
1896  	0.6842506861848126	三索得了MVP          	32
1897  	0.6842434908389586	火星包                	64
1898  	0.6839603259704051	CHAGA110                 	304
1899  	0.6807580125557573	handsomeboy              	809
1900  	0.6789260215150713	立花明明子          	5856
1901  	0.6788356070125059	喵可莉                	1104
1902  	0.675909685114504	星间梦影             	689
1903  	0.6742757111597374	KuozakiSaika             	16
1904  	0.6731404567524936	月见琥珀             	2192
1905  	0.6690677755850005	狗勾战士夕夕       	592
1906  	0.6637463294448909	神人                   	659
1907  	0.6633116883116884	百合123                	16
1908  	0.6580688383527965	一色儿                	224
1909  	0.6527900889311485	青雀                   	592
1910  	0.6506077547339946	小任好运来          	32
1911  	0.650455103018687	黑火                   	352
1912  	0.6502916934964584	The                      	48
1913  	0.6481466244725734	北                      	64
1914  	0.6425886363636364	池州老赵             	16
1915  	0.6395899489161948	北风萧霄2            	496
1916  	0.6323135167317497	sdlyx                    	3840
1917  	0.6294883013570424	求求人                	144
1918  	0.6293873644487463	Encyclopedia             	4735
1919  	0.6221310476972564	Jenceses                 	496
1920  	0.6172310924369748	Natsumi                  	16
1921  	0.6156461071987469	火老弟                	1665
1922  	0.6119575821845173	CHAGA99                  	32
1923  	0.6030783990406233	单机北北             	224
1924  	0.6025409482758621	无语锂电池          	432
1925  	0.6002548008252677	金大爸                	2112
1926  	0.5873165108372292	水小妹                	304
1927  	0.5839053181678453	点炮防自摸          	320
1928  	0.577243946815955	美竹兰                	704
1929  	0.5743850272573846	真心                   	2640
1930  	0.5705963302752293	冰川纱夜             	32
1931  	0.5567463359639232	徐北                   	32
1932  	0.5154230343300111	阿久津翔太          	32
1933  	0.5128096676737162	Entelecheia              	80
1934  	0.48984551148225475	吃货小飞飞          	16
